# INSTANCE GSSP 30x30-10

Jobs = 30;
Machines = 30;

# processing times
pt = [
[84, 99, 90, 41, 53, 86, 6, 53, 29, 52, 3, 46, 51, 45, 69, 2, 5, 41, 6, 87, 72, 27, 20, 55, 2, 98, 68, 45, 81, 93]
[43, 24, 87, 92, 42, 39, 48, 78, 93, 76, 9, 39, 2, 10, 30, 8, 36, 92, 27, 40, 27, 65, 67, 7, 74, 76, 44, 47, 8, 48]
[32, 93, 88, 44, 51, 89, 73, 33, 89, 25, 28, 66, 89, 79, 26, 75, 64, 40, 19, 21, 80, 18, 90, 60, 63, 31, 31, 28, 39, 38]
[81, 8, 29, 77, 88, 68, 40, 69, 37, 66, 66, 11, 54, 41, 52, 49, 30, 27, 53, 16, 76, 83, 4, 9, 85, 96, 61, 67, 83, 93]
[3, 87, 89, 53, 93, 61, 65, 95, 58, 46, 62, 48, 6, 36, 98, 47, 53, 85, 57, 13, 16, 50, 29, 53, 18, 46, 28, 56, 45, 30]
[12, 64, 2, 62, 61, 28, 33, 7, 36, 10, 69, 2, 17, 29, 89, 6, 32, 26, 70, 52, 62, 81, 48, 76, 18, 54, 92, 91, 37, 61]
[90, 4, 14, 23, 59, 51, 43, 49, 86, 6, 56, 7, 37, 61, 21, 99, 88, 65, 47, 23, 61, 42, 76, 88, 20, 76, 90, 80, 52, 14]
[98, 30, 43, 44, 14, 66, 58, 29, 53, 1, 31, 33, 58, 97, 1, 15, 68, 64, 63, 93, 44, 11, 64, 6, 29, 14, 19, 37, 55, 13]
[98, 12, 30, 3, 24, 8, 31, 45, 8, 5, 39, 15, 65, 68, 76, 87, 86, 60, 63, 83, 18, 8, 49, 32, 35, 90, 47, 25, 94, 39]
[32, 95, 53, 22, 43, 99, 56, 70, 26, 97, 39, 29, 37, 61, 68, 6, 45, 5, 24, 93, 85, 87, 20, 86, 73, 82, 50, 88, 21, 91]
[48, 21, 31, 54, 99, 81, 72, 50, 22, 89, 29, 3, 5, 5, 74, 55, 40, 3, 68, 34, 19, 96, 23, 55, 72, 44, 89, 67, 78, 39]
[85, 15, 74, 21, 14, 6, 19, 25, 90, 1, 16, 14, 99, 39, 92, 9, 78, 22, 88, 84, 94, 40, 17, 87, 26, 45, 45, 55, 76, 1]
[34, 34, 72, 17, 73, 17, 99, 35, 13, 56, 34, 16, 83, 98, 78, 80, 21, 38, 58, 24, 34, 99, 37, 99, 62, 75, 68, 66, 15, 51]
[90, 79, 58, 61, 28, 12, 38, 49, 85, 15, 78, 46, 5, 9, 36, 86, 45, 44, 15, 62, 72, 43, 23, 67, 37, 95, 99, 25, 32, 78]
[46, 97, 77, 38, 9, 67, 27, 90, 40, 59, 7, 38, 51, 62, 22, 3, 42, 91, 16, 13, 46, 21, 63, 99, 18, 36, 60, 19, 52, 51]
[89, 31, 32, 71, 97, 25, 88, 56, 1, 59, 8, 65, 23, 56, 8, 1, 8, 61, 78, 62, 56, 22, 14, 28, 44, 88, 98, 15, 52, 81]
[71, 15, 58, 35, 69, 75, 40, 7, 34, 63, 23, 44, 2, 18, 42, 96, 30, 98, 8, 66, 51, 10, 91, 60, 8, 61, 36, 67, 6, 58]
[52, 31, 7, 7, 42, 57, 31, 7, 15, 32, 45, 54, 81, 54, 11, 1, 5, 99, 85, 68, 13, 14, 38, 24, 47, 80, 8, 46, 46, 48]
[71, 48, 30, 86, 90, 90, 36, 53, 84, 49, 72, 60, 6, 77, 95, 73, 47, 20, 59, 6, 86, 66, 42, 28, 4, 28, 30, 65, 93, 10]
[48, 20, 92, 89, 48, 77, 16, 47, 9, 82, 87, 20, 65, 75, 21, 50, 17, 68, 91, 4, 38, 59, 15, 41, 25, 14, 64, 42, 41, 67]
[35, 80, 46, 13, 16, 57, 69, 98, 85, 78, 62, 69, 40, 64, 37, 6, 38, 54, 22, 45, 35, 65, 90, 49, 85, 13, 10, 68, 51, 83]
[15, 59, 3, 94, 55, 42, 52, 87, 94, 21, 5, 48, 72, 76, 14, 49, 88, 61, 88, 23, 14, 33, 61, 9, 90, 41, 90, 74, 51, 56]
[34, 36, 16, 99, 82, 12, 62, 62, 99, 86, 29, 96, 58, 7, 63, 22, 47, 52, 58, 92, 89, 98, 63, 18, 1, 80, 48, 47, 60, 30]
[91, 18, 95, 90, 52, 11, 11, 60, 40, 90, 77, 16, 97, 49, 37, 67, 93, 23, 79, 13, 85, 90, 73, 16, 63, 67, 29, 23, 37, 17]
[61, 51, 69, 56, 8, 57, 77, 64, 51, 19, 22, 12, 70, 28, 31, 15, 46, 26, 91, 27, 73, 41, 50, 18, 46, 53, 34, 40, 39, 9]
[39, 2, 70, 97, 31, 22, 79, 2, 70, 56, 62, 70, 49, 37, 20, 24, 78, 57, 54, 10, 35, 22, 92, 68, 83, 5, 11, 27, 57, 41]
[72, 23, 6, 25, 20, 55, 14, 55, 98, 87, 38, 62, 88, 39, 49, 57, 91, 49, 27, 74, 93, 35, 96, 63, 62, 74, 44, 32, 64, 8]
[1, 69, 40, 70, 63, 28, 15, 70, 87, 20, 79, 3, 7, 43, 69, 60, 39, 27, 36, 57, 5, 27, 81, 76, 80, 41, 80, 28, 91, 97]
[51, 71, 73, 89, 17, 37, 56, 70, 20, 36, 96, 17, 33, 28, 41, 68, 10, 17, 14, 64, 60, 54, 83, 40, 46, 76, 73, 69, 7, 65]
[11, 20, 43, 14, 93, 85, 8, 74, 85, 36, 68, 62, 94, 42, 51, 21, 39, 16, 48, 1, 74, 78, 79, 56, 90, 80, 42, 6, 40, 86]
];

# jobs routes
jr = [
[5, 13, 28, 20, 18, 6, 12, 24, 15, 8, 19, 4, 9, 17, 16, 27, 3, 1, 2, 26, 10, 21, 11, 23, 30, 14, 7, 22, 25, 29]
[1, 20, 4, 24, 15, 13, 23, 26, 2, 18, 8, 16, 30, 17, 29, 9, 3, 22, 21, 14, 7, 10, 5, 11, 6, 25, 19, 27, 28, 12]
[10, 21, 8, 3, 13, 9, 29, 19, 6, 20, 23, 11, 7, 27, 4, 5, 22, 25, 15, 2, 14, 24, 16, 17, 18, 12, 26, 1, 28, 30]
[11, 3, 22, 29, 4, 15, 14, 10, 8, 23, 28, 18, 25, 17, 30, 12, 27, 5, 24, 20, 26, 19, 2, 7, 13, 1, 21, 16, 6, 9]
[16, 15, 20, 12, 25, 29, 14, 10, 21, 6, 28, 26, 5, 17, 8, 7, 9, 27, 23, 24, 13, 3, 2, 19, 18, 11, 1, 30, 22, 4]
[4, 2, 20, 19, 1, 7, 14, 23, 22, 15, 8, 29, 26, 25, 17, 27, 6, 16, 5, 9, 21, 18, 13, 11, 28, 24, 10, 30, 3, 12]
[8, 2, 14, 15, 18, 11, 28, 10, 19, 5, 7, 1, 13, 23, 25, 24, 16, 9, 4, 3, 30, 17, 12, 20, 21, 22, 26, 6, 29, 27]
[14, 9, 10, 8, 1, 27, 6, 25, 3, 4, 2, 18, 13, 23, 12, 17, 30, 15, 28, 21, 24, 7, 29, 16, 20, 19, 11, 22, 5, 26]
[24, 18, 17, 9, 5, 7, 19, 4, 22, 29, 26, 21, 1, 30, 28, 27, 6, 10, 25, 3, 12, 16, 20, 8, 23, 14, 2, 13, 11, 15]
[8, 20, 6, 14, 19, 28, 22, 27, 9, 7, 4, 15, 1, 21, 17, 25, 26, 5, 3, 11, 23, 13, 10, 24, 30, 29, 2, 12, 18, 16]
[26, 13, 3, 28, 8, 29, 7, 10, 24, 1, 15, 27, 16, 14, 17, 25, 20, 23, 21, 30, 11, 22, 6, 9, 19, 5, 2, 18, 4, 12]
[8, 3, 21, 4, 24, 26, 25, 19, 2, 16, 30, 27, 15, 28, 23, 14, 18, 5, 20, 11, 29, 10, 9, 13, 7, 22, 12, 1, 17, 6]
[16, 12, 14, 13, 26, 22, 9, 5, 17, 27, 8, 21, 25, 2, 6, 24, 19, 28, 23, 15, 10, 30, 18, 29, 11, 3, 1, 4, 20, 7]
[8, 9, 16, 2, 4, 12, 11, 10, 7, 30, 17, 22, 5, 24, 15, 18, 14, 21, 23, 27, 28, 13, 19, 1, 3, 6, 25, 20, 29, 26]
[24, 14, 17, 13, 20, 25, 21, 23, 30, 9, 19, 6, 10, 12, 1, 4, 11, 5, 28, 15, 16, 22, 26, 7, 3, 18, 8, 2, 29, 27]
[16, 1, 18, 24, 21, 3, 30, 12, 29, 13, 19, 26, 8, 20, 4, 11, 2, 5, 10, 22, 14, 15, 23, 27, 9, 28, 6, 17, 25, 7]
[14, 26, 3, 22, 19, 17, 6, 7, 29, 28, 18, 9, 10, 1, 27, 11, 8, 20, 23, 30, 12, 25, 5, 4, 21, 16, 13, 24, 15, 2]
[7, 21, 20, 15, 18, 5, 14, 29, 26, 27, 30, 12, 10, 8, 4, 6, 11, 25, 9, 28, 23, 2, 16, 22, 3, 13, 24, 17, 19, 1]
[23, 5, 26, 8, 7, 15, 1, 22, 12, 24, 20, 14, 9, 30, 3, 13, 10, 29, 4, 19, 28, 17, 16, 25, 6, 27, 21, 18, 11, 2]
[13, 11, 9, 17, 14, 5, 16, 28, 22, 12, 29, 15, 24, 6, 25, 23, 1, 20, 30, 7, 4, 19, 26, 21, 10, 2, 8, 18, 27, 3]
[1, 13, 9, 7, 10, 6, 5, 17, 27, 20, 2, 26, 16, 15, 25, 30, 23, 19, 14, 28, 12, 4, 3, 24, 11, 18, 8, 29, 21, 22]
[28, 14, 11, 25, 17, 6, 12, 23, 20, 19, 8, 9, 22, 1, 3, 18, 10, 24, 29, 21, 2, 26, 7, 4, 16, 27, 13, 15, 5, 30]
[9, 26, 10, 3, 25, 7, 17, 1, 27, 29, 21, 11, 20, 18, 6, 19, 13, 28, 23, 16, 12, 8, 14, 15, 5, 4, 24, 22, 2, 30]
[4, 15, 26, 3, 25, 20, 30, 10, 17, 16, 9, 8, 24, 23, 7, 12, 2, 19, 14, 29, 5, 22, 21, 28, 11, 6, 27, 18, 1, 13]
[28, 1, 27, 2, 26, 14, 4, 11, 8, 16, 18, 24, 20, 25, 15, 12, 3, 19, 9, 21, 22, 10, 6, 29, 30, 5, 17, 13, 7, 23]
[7, 29, 16, 30, 26, 20, 22, 4, 15, 27, 9, 23, 18, 2, 25, 14, 24, 8, 5, 6, 19, 3, 11, 21, 1, 17, 13, 12, 10, 28]
[25, 21, 26, 12, 4, 22, 28, 15, 7, 3, 30, 24, 9, 10, 6, 11, 23, 20, 2, 29, 1, 13, 16, 17, 5, 18, 19, 27, 14, 8]
[3, 15, 28, 8, 11, 12, 25, 5, 18, 27, 9, 14, 30, 29, 2, 13, 21, 1, 6, 17, 20, 10, 16, 4, 23, 22, 24, 7, 26, 19]
[28, 27, 2, 15, 11, 13, 6, 18, 3, 8, 10, 24, 23, 19, 14, 1, 16, 4, 20, 9, 30, 17, 5, 29, 22, 21, 25, 12, 7, 26]
[26, 24, 9, 29, 2, 11, 12, 19, 15, 14, 22, 23, 3, 20, 1, 28, 13, 4, 10, 25, 16, 18, 8, 21, 27, 30, 5, 6, 17, 7]
];

# groups
gr = [
[1, 1, 1, 1, 1, 2, 2, 2, 3, 3, 3, 3, 3, 4, 4, 4, 4, 5, 5, 5, 5, 5, 5, 5, 6, 6, 6, 6, 7, 7]
[1, 1, 1, 2, 2, 2, 2, 2, 2, 3, 4, 4, 5, 5, 6, 6, 6, 7, 8, 8, 8, 9, 9, 10, 10, 10, 11, 11, 12, 12]
[1, 2, 3, 4, 4, 5, 6, 7, 8, 8, 9, 9, 10, 11, 11, 12, 13, 14, 15, 16, 17, 18, 19, 19, 20, 21, 21, 22, 23, 23]
[1, 1, 1, 1, 1, 1, 1, 1, 1, 1, 1, 1, 1, 1, 2, 2, 2, 2, 2, 2, 2, 2, 2, 2, 2, 2, 2, 2, 2, 2]
[1, 2, 3, 4, 4, 4, 5, 5, 6, 6, 6, 7, 7, 8, 9, 10, 10, 10, 11, 11, 11, 11, 12, 13, 14, 14, 15, 15, 16, 17]
[1, 2, 2, 3, 4, 5, 5, 6, 7, 7, 8, 8, 9, 9, 10, 10, 11, 11, 12, 12, 13, 14, 15, 16, 16, 17, 18, 19, 19, 20]
[1, 1, 2, 2, 2, 3, 4, 5, 6, 7, 8, 8, 9, 9, 10, 11, 11, 11, 12, 12, 13, 14, 15, 15, 15, 16, 17, 17, 18, 19]
[1, 2, 3, 4, 5, 6, 7, 8, 9, 10, 11, 12, 12, 13, 14, 15, 16, 17, 18, 19, 20, 21, 21, 22, 23, 24, 24, 25, 26, 26]
[1, 2, 3, 4, 5, 6, 7, 8, 9, 10, 11, 12, 13, 14, 15, 16, 17, 18, 19, 20, 21, 22, 23, 24, 25, 26, 27, 28, 29, 30]
[1, 1, 1, 1, 1, 1, 1, 1, 1, 1, 1, 1, 1, 1, 1, 1, 1, 1, 1, 1, 1, 1, 1, 1, 1, 1, 1, 1, 1, 1]
[1, 1, 1, 1, 1, 1, 1, 1, 2, 2, 2, 2, 2, 2, 2, 2, 3, 3, 3, 3, 3, 3, 3, 3, 3, 4, 4, 4, 4, 4]
[1, 2, 2, 3, 4, 5, 5, 6, 7, 8, 9, 10, 11, 12, 13, 14, 14, 15, 16, 17, 18, 19, 20, 21, 22, 22, 23, 24, 25, 25]
[1, 1, 2, 2, 3, 3, 3, 4, 4, 5, 6, 7, 8, 8, 9, 9, 9, 10, 11, 11, 12, 12, 13, 14, 14, 14, 14, 15, 15, 15]
[1, 2, 3, 4, 5, 6, 7, 8, 9, 10, 11, 12, 13, 14, 15, 16, 17, 18, 19, 20, 21, 22, 23, 24, 25, 26, 27, 28, 29, 30]
[1, 1, 2, 2, 2, 3, 4, 4, 4, 4, 5, 6, 6, 7, 8, 8, 9, 9, 9, 9, 10, 10, 11, 11, 12, 12, 13, 13, 14, 14]
[1, 1, 1, 2, 2, 3, 3, 4, 5, 5, 5, 5, 5, 6, 6, 7, 7, 8, 8, 9, 10, 11, 11, 11, 12, 12, 13, 14, 15, 16]
[1, 1, 1, 1, 1, 1, 1, 1, 2, 2, 2, 3, 3, 3, 4, 4, 4, 4, 4, 4, 4, 4, 5, 5, 5, 5, 5, 5, 5, 5]
[1, 1, 1, 1, 1, 1, 2, 2, 2, 2, 2, 2, 2, 2, 3, 3, 3, 3, 3, 3, 3, 3, 3, 3, 3, 3, 3, 3, 3, 3]
[1, 1, 1, 1, 2, 2, 3, 4, 5, 6, 7, 7, 8, 8, 8, 9, 9, 9, 10, 10, 10, 11, 11, 11, 12, 13, 13, 13, 14, 14]
[1, 2, 3, 4, 4, 5, 6, 6, 7, 7, 7, 8, 9, 10, 10, 11, 12, 13, 14, 14, 15, 16, 16, 17, 18, 18, 19, 20, 20, 21]
[1, 1, 1, 1, 2, 3, 3, 3, 4, 5, 6, 6, 6, 7, 7, 8, 8, 8, 8, 9, 9, 10, 10, 11, 11, 12, 13, 13, 14, 15]
[1, 2, 2, 3, 4, 4, 5, 6, 6, 6, 7, 8, 8, 9, 9, 9, 10, 11, 12, 12, 13, 14, 14, 15, 15, 15, 16, 17, 18, 18]
[1, 1, 2, 3, 4, 5, 6, 7, 8, 9, 9, 10, 11, 12, 13, 14, 15, 16, 17, 18, 19, 20, 21, 22, 23, 24, 25, 25, 26, 26]
[1, 1, 1, 1, 1, 2, 2, 2, 3, 3, 3, 4, 4, 4, 4, 4, 4, 5, 5, 5, 6, 6, 6, 6, 6, 7, 7, 7, 7, 7]
[1, 2, 3, 4, 5, 6, 7, 8, 9, 10, 11, 12, 13, 14, 15, 16, 17, 17, 18, 19, 20, 21, 22, 23, 24, 25, 26, 27, 28, 29]
[1, 1, 1, 2, 2, 2, 3, 3, 3, 3, 3, 4, 4, 4, 4, 4, 4, 5, 5, 5, 6, 6, 6, 6, 6, 6, 6, 7, 7, 7]
[1, 2, 3, 4, 5, 6, 7, 8, 9, 10, 11, 12, 13, 14, 15, 16, 17, 18, 19, 20, 21, 22, 22, 23, 24, 25, 25, 26, 27, 28]
[1, 2, 3, 3, 4, 5, 6, 7, 8, 8, 9, 9, 10, 11, 12, 12, 13, 13, 13, 14, 15, 16, 17, 18, 19, 20, 21, 22, 23, 24]
[1, 2, 2, 2, 2, 3, 4, 4, 5, 5, 6, 6, 7, 8, 8, 9, 9, 10, 11, 11, 12, 12, 12, 12, 12, 13, 13, 14, 14, 15]
[1, 1, 1, 1, 1, 1, 1, 1, 2, 2, 2, 2, 2, 2, 2, 3, 3, 3, 3, 3, 3, 3, 4, 4, 4, 4, 4, 4, 4, 4]
];