# INSTANCE PM GSSP 50x50-08

Jobs = 50;
Machines = 50;

# machines in parallel
Capacity = [3,2,1,1,2,3,2,3,2,3,3,1,2,1,2,2,2,3,3,1,2,2,1,3,1,2,1,3,2,1];

# processing times
pt = [
[20,42,97,98,4,81,7,60,75,94,30,21,15,8,48,44,63,89,40,40,94,81,54,64,52,89,3,57,2,47,93,81,17,37,14,40,52,42,90,24,80,32,4,95,51,63,11,54,40,58]
[11,47,65,44,24,88,81,28,76,24,50,9,82,35,37,65,94,66,76,40,47,14,72,32,75,14,32,84,76,23,28,16,53,93,88,48,53,21,76,13,6,30,51,36,64,95,48,25,38,91]
[82,76,99,62,96,41,60,1,81,39,79,77,1,53,80,8,24,24,34,19,47,18,22,19,31,24,89,87,45,54,33,82,96,35,96,46,60,15,73,22,26,18,65,89,6,7,77,84,11,66]
[65,13,7,72,53,75,94,88,14,79,27,76,66,15,85,95,80,52,51,22,88,48,72,29,62,21,23,72,75,52,82,55,74,56,24,94,53,80,74,28,37,85,96,25,53,22,28,76,53,44]
[20,55,83,10,44,37,80,7,89,4,39,72,91,90,38,12,56,45,93,90,77,64,13,13,29,78,45,36,96,31,84,25,8,48,14,32,24,13,51,98,44,39,48,96,79,65,40,86,70,69]
[3,91,60,9,92,20,99,93,25,48,63,63,33,29,78,23,56,96,74,78,56,26,15,12,64,2,11,34,72,65,84,62,53,30,52,92,50,20,12,32,51,23,33,51,83,99,45,8,52,39]
[3,90,20,4,18,22,34,87,21,73,80,94,81,80,85,29,51,20,68,78,77,95,90,80,67,96,63,46,35,49,76,53,13,49,13,24,69,66,62,98,5,70,78,50,19,58,24,66,34,94]
[11,51,53,1,88,99,25,47,39,49,47,81,80,84,38,30,14,64,23,41,8,33,2,19,73,15,91,83,38,36,90,93,34,96,60,42,34,42,19,35,2,50,31,83,75,40,57,59,56,25]
[67,20,49,41,76,2,95,76,62,39,76,93,43,24,28,33,78,10,64,10,35,50,56,56,60,92,76,70,43,39,60,84,82,76,11,25,92,46,6,10,30,38,71,34,54,89,29,63,17,58]
[96,90,91,96,28,84,94,65,32,1,37,66,5,68,91,87,50,95,74,39,91,47,10,66,94,62,26,36,46,70,10,32,6,62,65,90,15,63,22,8,52,76,73,98,18,24,9,40,18,46]
[11,78,94,92,55,38,82,77,90,77,71,79,25,88,32,60,47,65,61,31,2,26,95,36,79,93,15,2,30,42,91,60,64,88,16,42,88,60,61,60,11,54,36,93,80,51,33,12,18,9]
[93,49,69,66,99,64,52,5,39,99,2,88,79,84,29,32,11,66,96,23,84,15,97,11,4,64,23,32,44,52,79,30,15,7,94,20,47,59,99,83,22,36,85,49,9,78,6,58,49,51]
[71,67,67,88,9,55,55,22,42,94,45,49,47,97,5,55,42,28,71,5,64,34,3,32,78,69,71,63,20,87,15,19,45,98,2,49,86,61,82,20,69,95,14,68,87,84,26,83,63,95]
[90,51,79,83,47,6,96,34,64,13,48,90,72,12,17,71,82,91,67,92,39,56,11,93,85,40,26,36,48,74,37,39,68,52,51,23,17,86,43,60,29,70,42,83,83,82,9,93,56,82]
[30,82,45,24,94,34,26,74,58,72,77,78,92,7,78,25,80,9,82,14,87,1,91,53,27,80,58,4,15,6,50,8,75,48,97,62,29,16,47,22,54,8,43,66,98,1,30,78,8,84]
[53,72,3,5,51,28,29,13,69,67,54,59,58,12,59,79,31,12,74,26,4,12,13,93,29,47,53,56,30,61,51,20,41,72,16,90,68,40,42,57,68,15,74,98,64,47,29,61,25,41]
[70,57,75,19,19,52,64,51,3,4,57,36,10,37,93,36,54,18,51,24,84,46,12,16,83,58,54,91,19,95,16,4,97,74,66,60,41,82,33,98,24,90,8,1,29,83,22,6,78,80]
[71,19,58,55,56,91,56,60,39,55,95,32,9,52,69,48,48,98,4,86,21,12,2,41,28,70,34,67,49,72,21,74,37,30,57,1,98,45,69,91,87,15,84,49,79,53,87,88,83,61]
[8,53,10,32,60,74,66,21,17,42,17,82,33,27,59,84,58,58,32,23,17,14,5,65,74,16,36,19,4,40,75,96,27,34,27,72,73,57,22,97,40,21,64,49,50,69,71,84,23,16]
[98,28,47,28,36,9,54,99,64,14,74,69,81,8,64,95,41,54,72,19,64,76,15,87,75,81,32,91,46,53,42,37,8,49,37,89,25,99,17,55,32,32,11,16,18,39,28,73,97,99]
[35,67,23,24,51,54,76,86,35,71,6,82,70,95,98,92,77,23,46,21,78,50,87,38,91,91,98,78,25,7,52,23,23,22,27,22,85,27,74,64,72,79,86,36,31,49,37,10,56,76]
[30,44,28,81,32,8,37,66,58,44,20,93,40,97,10,51,44,52,53,8,89,19,66,56,15,35,65,1,49,99,96,43,5,52,48,31,87,29,55,82,13,51,54,66,3,93,1,79,77,10]
[29,54,45,32,43,21,69,21,98,38,21,4,68,52,16,17,41,36,81,24,72,49,87,34,65,40,90,33,26,54,34,84,74,47,93,18,88,30,99,71,36,1,88,93,47,20,12,36,87,90]
[10,41,28,63,89,97,40,17,66,34,41,80,68,66,2,90,12,95,81,70,54,66,53,89,56,53,78,60,60,21,32,96,33,1,66,5,19,32,59,56,12,63,99,59,33,20,23,60,63,89]
[27,61,25,68,91,30,72,88,54,82,75,75,27,33,71,80,5,93,84,82,4,68,88,72,72,53,12,3,15,41,43,72,27,90,71,91,70,78,98,60,98,52,55,3,42,32,22,40,10,73]
[36,43,71,19,3,48,10,42,81,27,60,49,73,99,47,4,96,77,21,45,64,59,42,86,61,95,18,33,57,41,63,19,62,93,61,31,8,83,3,90,14,98,1,93,35,11,94,23,14,85]
[34,53,47,70,50,98,23,81,46,79,36,37,29,85,9,14,45,34,67,55,38,14,62,54,83,96,80,92,99,14,77,39,46,72,94,67,31,20,74,23,17,13,40,22,97,98,46,19,4,10]
[52,83,33,26,25,29,76,75,23,56,61,38,82,2,12,62,47,87,15,58,48,48,96,64,63,4,73,25,52,25,33,3,31,34,71,26,24,7,49,58,91,54,16,36,18,34,27,53,60,84]
[68,96,22,74,10,15,29,46,46,76,37,48,64,88,46,43,55,15,74,80,35,76,9,55,39,35,85,11,66,50,59,60,97,50,71,81,74,10,11,20,58,22,32,41,37,30,29,38,21,46]
[71,54,54,66,94,10,28,80,54,99,52,5,59,1,19,87,6,17,36,72,3,79,28,3,79,8,29,76,86,8,33,8,91,22,54,9,36,61,16,49,24,95,26,7,88,12,90,99,2,7]
[96,44,32,61,97,55,51,12,85,32,18,64,16,31,94,45,24,69,89,32,96,21,38,41,2,76,4,27,5,89,52,10,81,41,28,10,65,98,33,28,15,95,64,86,34,68,87,35,5,21]
[62,76,46,80,31,79,12,21,8,13,1,36,66,13,5,65,70,45,51,85,5,46,31,45,82,18,20,79,54,60,26,88,47,74,75,31,14,87,32,12,84,7,93,45,17,56,49,57,78,73]
[44,87,96,97,18,90,43,70,4,13,19,8,80,9,76,60,24,56,95,47,14,73,44,97,39,88,35,14,48,2,28,43,16,20,52,36,11,31,16,10,3,31,32,69,69,64,4,9,9,12]
[87,82,85,93,24,70,42,18,35,61,86,68,21,4,3,94,72,98,66,93,99,75,27,9,38,4,52,77,31,71,49,63,24,55,70,9,31,43,62,39,81,69,51,33,70,98,32,63,26,82]
[32,16,30,66,80,46,9,85,24,51,19,67,50,90,31,29,10,79,35,15,46,70,47,48,62,18,44,86,83,88,66,83,82,12,66,94,76,9,92,46,87,52,26,22,67,81,97,40,56,39]
[53,73,22,14,95,56,4,16,79,8,22,27,10,73,76,97,34,19,50,5,93,24,22,70,12,1,91,51,58,22,59,84,75,3,84,66,30,85,45,88,24,35,23,31,59,80,10,83,57,39]
[86,44,92,39,16,41,53,75,26,65,76,60,73,8,64,49,6,62,48,15,86,84,21,93,47,69,9,82,86,58,51,51,97,68,97,42,51,85,68,13,91,99,50,84,71,38,92,85,57,19]
[40,29,20,57,38,99,71,3,11,60,71,36,29,1,62,55,56,60,17,24,57,67,68,71,91,93,96,39,53,64,72,73,29,36,87,9,25,20,43,77,90,25,91,42,24,49,45,46,94,32]
[27,16,51,86,10,25,2,33,37,35,54,83,56,96,81,83,20,90,90,16,83,68,15,14,29,42,84,51,39,26,60,60,75,58,49,89,86,63,24,77,30,41,9,34,76,24,56,53,14,34]
[67,4,15,8,66,98,17,67,30,17,41,70,47,82,60,15,24,11,11,9,11,99,7,18,53,48,95,13,42,64,28,64,9,84,17,43,90,75,81,2,79,37,23,28,82,80,31,96,5,5]
[70,80,78,92,83,92,86,73,50,12,95,49,16,94,36,21,15,99,3,30,27,86,75,45,39,69,47,79,69,95,54,50,62,66,25,27,60,43,2,81,46,88,36,64,49,58,87,3,33,63]
[17,23,52,92,80,93,80,59,2,76,89,45,51,9,96,53,22,35,83,15,99,47,85,71,31,23,23,79,65,92,27,88,18,88,69,42,60,41,15,42,99,69,27,12,32,11,68,94,52,50]
[51,64,97,25,23,21,92,85,6,42,13,2,93,55,54,81,41,6,51,54,22,12,39,34,4,51,60,38,19,7,52,44,56,59,52,36,76,8,77,46,22,45,73,38,70,67,61,27,60,63]
[99,47,30,14,67,51,72,45,72,32,18,1,61,40,49,61,44,45,83,21,88,73,29,92,97,76,54,83,49,46,52,81,26,14,47,53,38,97,95,46,20,54,59,87,19,80,63,62,35,59]
[32,27,69,79,78,35,17,94,9,35,40,4,30,94,73,16,79,52,14,15,42,46,45,43,96,38,2,62,96,39,4,39,63,46,27,79,46,30,76,60,55,51,80,28,39,99,82,20,12,2]
[87,66,45,52,97,5,17,86,96,52,50,5,91,89,85,55,90,22,83,6,25,64,83,64,68,19,1,65,53,71,58,27,39,43,48,91,43,96,9,93,42,33,35,80,40,78,94,29,26,86]
[21,6,19,86,49,24,32,63,48,43,83,40,35,54,22,12,12,49,62,50,3,57,43,75,53,2,41,19,60,5,59,82,31,15,38,37,3,85,41,57,12,57,59,15,88,65,33,6,84,43]
[27,89,83,30,90,50,95,68,85,51,30,24,44,28,65,35,93,83,3,89,62,13,59,29,14,19,1,43,69,89,8,81,19,12,20,83,44,54,73,87,92,92,65,93,34,68,52,58,22,81]
[33,20,58,29,92,56,32,21,36,91,52,78,31,55,25,62,79,43,2,62,59,7,92,18,77,29,43,78,46,94,52,56,34,11,44,74,72,94,95,19,46,33,78,15,45,12,23,52,84,85]
[20,41,68,72,63,15,27,14,89,15,9,28,45,48,14,51,86,52,1,23,70,44,34,65,43,65,61,94,4,19,57,73,33,99,6,57,66,26,35,25,5,75,44,50,51,80,76,2,95,73]
];

# jobs routes
jr = [
[39, 3, 22, 16, 1, 12, 41, 5, 20, 7, 48, 44, 38, 30, 40, 32, 27, 33, 13, 29, 25, 8, 6, 21, 19, 15, 35, 9, 34, 17, 2, 31, 36, 14, 50, 43, 45, 47, 49, 18, 42, 46, 11, 23, 4, 28, 37, 24, 26, 10]
[26, 13, 9, 21, 17, 31, 46, 50, 27, 44, 47, 42, 23, 12, 1, 32, 10, 11, 40, 29, 45, 38, 24, 22, 37, 48, 18, 30, 20, 2, 34, 43, 33, 25, 19, 15, 39, 7, 14, 41, 5, 35, 8, 3, 36, 6, 16, 49, 4, 28]
[21, 28, 34, 11, 27, 36, 33, 12, 4, 9, 46, 43, 30, 20, 17, 38, 10, 39, 22, 18, 41, 37, 44, 2, 16, 5, 13, 19, 35, 7, 1, 29, 40, 48, 3, 15, 45, 31, 32, 47, 6, 50, 26, 14, 24, 23, 25, 42, 49, 8]
[5, 49, 34, 13, 32, 46, 37, 20, 31, 45, 25, 44, 35, 26, 12, 30, 10, 3, 42, 14, 28, 24, 38, 7, 22, 33, 15, 36, 41, 8, 21, 39, 29, 43, 1, 4, 17, 40, 47, 6, 18, 27, 19, 16, 50, 48, 9, 11, 2, 23]
[40, 22, 2, 14, 18, 9, 10, 25, 21, 49, 45, 3, 39, 29, 41, 28, 17, 44, 34, 27, 5, 23, 32, 19, 8, 7, 37, 13, 42, 6, 35, 20, 38, 24, 36, 16, 33, 1, 11, 43, 46, 50, 48, 30, 26, 31, 15, 47, 12, 4]
[3, 29, 12, 44, 19, 27, 35, 45, 22, 25, 14, 50, 7, 48, 21, 26, 20, 5, 4, 15, 33, 18, 11, 37, 34, 31, 6, 42, 41, 24, 47, 23, 30, 36, 32, 39, 16, 38, 46, 1, 13, 40, 43, 10, 2, 28, 49, 8, 17, 9]
[35, 3, 21, 24, 4, 22, 28, 23, 33, 5, 1, 9, 30, 29, 39, 20, 26, 45, 10, 15, 18, 31, 46, 25, 32, 36, 47, 7, 2, 12, 14, 38, 48, 13, 27, 41, 19, 40, 50, 11, 49, 43, 8, 37, 34, 42, 44, 6, 17, 16]
[46, 40, 39, 24, 41, 42, 15, 50, 25, 7, 3, 38, 44, 5, 28, 6, 12, 31, 1, 23, 45, 17, 27, 14, 35, 34, 20, 21, 18, 13, 49, 43, 9, 22, 19, 8, 10, 30, 2, 16, 29, 47, 33, 26, 4, 36, 11, 32, 37, 48]
[47, 25, 29, 23, 30, 49, 2, 44, 24, 40, 31, 10, 26, 22, 18, 16, 38, 13, 11, 39, 34, 1, 21, 14, 46, 3, 32, 48, 17, 37, 42, 8, 7, 43, 19, 20, 33, 6, 36, 35, 50, 28, 45, 12, 15, 4, 9, 41, 5, 27]
[45, 38, 33, 49, 46, 16, 40, 4, 31, 26, 15, 13, 19, 12, 21, 18, 8, 50, 7, 44, 24, 11, 48, 9, 35, 27, 25, 30, 34, 14, 23, 29, 36, 1, 5, 17, 20, 41, 6, 47, 37, 3, 32, 2, 10, 39, 43, 28, 42, 22]
[10, 9, 23, 38, 27, 19, 50, 8, 34, 29, 28, 2, 41, 17, 13, 20, 26, 5, 36, 12, 11, 48, 4, 40, 45, 35, 6, 44, 7, 25, 47, 15, 18, 42, 37, 43, 21, 31, 30, 24, 3, 16, 46, 39, 49, 14, 32, 22, 1, 33]
[50, 40, 36, 39, 32, 22, 24, 43, 49, 3, 20, 17, 41, 15, 18, 31, 8, 9, 11, 38, 34, 12, 45, 13, 2, 30, 35, 14, 21, 16, 46, 33, 44, 26, 28, 23, 4, 27, 6, 48, 37, 5, 10, 19, 1, 47, 29, 25, 7, 42]
[50, 9, 36, 35, 17, 23, 43, 29, 2, 13, 42, 14, 39, 26, 5, 21, 28, 46, 4, 25, 20, 15, 27, 38, 3, 45, 34, 10, 32, 33, 30, 16, 48, 7, 18, 37, 24, 8, 47, 19, 40, 49, 12, 11, 31, 41, 1, 22, 6, 44]
[40, 30, 1, 33, 31, 29, 22, 44, 9, 10, 18, 15, 26, 35, 50, 43, 23, 7, 14, 49, 4, 24, 17, 12, 13, 37, 6, 5, 11, 2, 41, 47, 8, 38, 34, 19, 20, 36, 21, 16, 3, 45, 48, 28, 32, 39, 42, 27, 46, 25]
[29, 43, 25, 3, 36, 21, 28, 49, 1, 4, 39, 23, 40, 2, 27, 47, 41, 35, 48, 7, 5, 30, 38, 14, 50, 24, 26, 33, 31, 17, 18, 13, 16, 20, 22, 37, 19, 11, 34, 44, 9, 8, 42, 10, 46, 32, 12, 6, 45, 15]
[23, 39, 37, 38, 44, 26, 5, 2, 6, 40, 9, 34, 49, 20, 35, 28, 10, 45, 12, 1, 48, 13, 8, 17, 21, 33, 18, 24, 42, 15, 32, 7, 3, 50, 30, 29, 4, 46, 31, 16, 47, 11, 19, 14, 25, 36, 27, 22, 41, 43]
[49, 37, 45, 8, 10, 50, 48, 5, 12, 19, 15, 46, 34, 22, 30, 20, 7, 44, 41, 16, 21, 6, 26, 9, 32, 42, 27, 47, 17, 3, 35, 25, 39, 14, 33, 36, 13, 28, 23, 18, 1, 11, 4, 40, 43, 31, 24, 38, 2, 29]
[2, 47, 16, 3, 22, 35, 18, 46, 26, 33, 11, 44, 43, 29, 37, 50, 14, 8, 39, 10, 7, 34, 12, 41, 40, 9, 32, 6, 45, 15, 4, 23, 36, 27, 38, 48, 20, 25, 21, 19, 1, 49, 5, 30, 31, 17, 24, 28, 42, 13]
[28, 50, 45, 6, 23, 47, 5, 38, 19, 4, 31, 20, 10, 22, 30, 1, 12, 32, 25, 3, 36, 24, 16, 9, 18, 46, 11, 7, 43, 27, 8, 26, 49, 2, 14, 29, 34, 41, 13, 39, 15, 17, 37, 42, 35, 44, 21, 40, 48, 33]
[35, 37, 18, 33, 47, 7, 41, 29, 17, 40, 5, 10, 50, 28, 39, 36, 14, 46, 4, 31, 12, 43, 3, 16, 48, 1, 21, 34, 30, 42, 6, 22, 20, 23, 24, 45, 49, 32, 2, 26, 19, 25, 15, 8, 44, 13, 11, 27, 38, 9]
[20, 26, 38, 8, 33, 31, 32, 35, 50, 9, 18, 40, 43, 4, 24, 34, 1, 5, 47, 16, 30, 21, 29, 15, 45, 11, 7, 48, 28, 44, 14, 36, 42, 41, 25, 2, 19, 13, 39, 46, 49, 12, 17, 10, 23, 37, 3, 27, 6, 22]
[34, 10, 30, 42, 37, 4, 18, 48, 29, 46, 1, 45, 11, 13, 39, 7, 31, 28, 36, 23, 6, 35, 40, 9, 43, 15, 2, 12, 49, 19, 38, 21, 8, 26, 14, 27, 3, 41, 44, 50, 5, 33, 22, 16, 47, 32, 20, 25, 24, 17]
[20, 45, 36, 49, 24, 9, 44, 2, 15, 39, 12, 25, 8, 23, 30, 43, 21, 40, 42, 27, 13, 19, 26, 31, 29, 37, 17, 32, 14, 47, 4, 34, 3, 22, 16, 18, 50, 7, 35, 6, 5, 28, 41, 1, 46, 11, 33, 10, 38, 48]
[22, 47, 39, 41, 14, 25, 36, 37, 11, 15, 44, 49, 13, 18, 29, 12, 16, 24, 8, 31, 23, 35, 19, 1, 38, 7, 50, 10, 21, 3, 42, 27, 40, 45, 43, 46, 32, 20, 9, 48, 28, 34, 26, 2, 30, 4, 6, 5, 17, 33]
[12, 35, 42, 20, 3, 47, 24, 8, 36, 38, 2, 49, 44, 23, 25, 29, 10, 41, 6, 18, 14, 34, 13, 40, 45, 30, 50, 19, 37, 7, 32, 5, 48, 15, 46, 31, 17, 1, 11, 28, 22, 27, 21, 16, 4, 9, 33, 26, 43, 39]
[28, 15, 8, 5, 3, 50, 16, 20, 31, 35, 6, 17, 36, 39, 19, 38, 34, 42, 48, 44, 40, 47, 18, 30, 49, 27, 41, 21, 37, 25, 2, 22, 4, 7, 45, 46, 26, 43, 32, 24, 23, 14, 12, 29, 9, 1, 10, 33, 13, 11]
[5, 30, 27, 20, 15, 8, 25, 21, 6, 36, 48, 38, 23, 34, 18, 41, 46, 3, 49, 29, 45, 14, 22, 16, 10, 28, 44, 32, 19, 35, 31, 33, 43, 2, 11, 12, 4, 40, 42, 17, 50, 13, 24, 26, 37, 7, 47, 39, 1, 9]
[16, 8, 15, 43, 26, 20, 17, 42, 36, 2, 18, 6, 37, 12, 30, 33, 21, 5, 9, 28, 22, 10, 49, 41, 35, 40, 24, 3, 47, 46, 45, 27, 29, 44, 7, 34, 32, 14, 23, 31, 11, 38, 4, 1, 50, 25, 39, 48, 19, 13]
[48, 23, 49, 31, 8, 33, 13, 40, 29, 24, 37, 17, 12, 19, 32, 21, 27, 44, 16, 7, 22, 30, 42, 43, 14, 39, 6, 50, 18, 46, 3, 1, 26, 10, 41, 20, 34, 36, 4, 2, 47, 15, 25, 35, 45, 5, 11, 28, 9, 38]
[35, 38, 13, 32, 3, 22, 17, 23, 43, 36, 34, 44, 39, 14, 37, 31, 30, 6, 27, 2, 12, 20, 46, 28, 26, 4, 11, 33, 49, 18, 50, 24, 19, 8, 15, 48, 29, 16, 5, 41, 42, 7, 1, 25, 9, 40, 45, 47, 21, 10]
[17, 21, 34, 22, 5, 38, 36, 2, 35, 37, 4, 26, 6, 28, 7, 3, 16, 1, 48, 25, 49, 8, 19, 11, 15, 23, 32, 39, 41, 18, 10, 47, 20, 40, 30, 46, 45, 50, 44, 42, 12, 33, 43, 13, 24, 27, 31, 29, 14, 9]
[39, 48, 3, 18, 11, 17, 45, 6, 37, 35, 20, 41, 5, 33, 10, 14, 46, 13, 22, 26, 34, 8, 19, 23, 21, 38, 24, 27, 47, 40, 9, 29, 42, 44, 16, 49, 12, 15, 25, 7, 28, 36, 31, 2, 30, 50, 32, 1, 43, 4]
[20, 47, 4, 18, 49, 46, 29, 33, 48, 21, 39, 2, 34, 5, 43, 9, 24, 26, 44, 32, 30, 41, 3, 22, 23, 6, 14, 15, 19, 11, 28, 37, 16, 42, 1, 40, 8, 12, 25, 36, 38, 50, 27, 35, 17, 45, 31, 13, 10, 7]
[35, 13, 5, 22, 24, 50, 17, 37, 28, 2, 43, 25, 30, 7, 33, 29, 26, 49, 34, 12, 44, 1, 6, 3, 18, 4, 47, 15, 16, 14, 27, 45, 31, 11, 19, 36, 21, 9, 46, 48, 42, 40, 20, 23, 32, 41, 8, 10, 39, 38]
[1, 21, 28, 44, 50, 26, 30, 18, 9, 17, 15, 35, 20, 36, 40, 29, 49, 12, 33, 31, 22, 48, 25, 47, 42, 38, 3, 13, 2, 23, 7, 39, 34, 16, 24, 14, 10, 43, 32, 41, 37, 45, 6, 5, 46, 8, 19, 11, 4, 27]
[22, 20, 27, 36, 17, 29, 23, 34, 6, 4, 45, 13, 7, 42, 21, 50, 3, 15, 10, 25, 49, 40, 41, 38, 47, 31, 24, 2, 19, 12, 48, 33, 43, 32, 26, 16, 37, 39, 5, 9, 35, 8, 30, 11, 14, 28, 18, 44, 46, 1]
[23, 43, 17, 49, 13, 44, 34, 31, 33, 27, 42, 4, 19, 40, 22, 30, 50, 25, 15, 36, 24, 39, 20, 3, 9, 35, 11, 48, 5, 1, 37, 14, 45, 8, 38, 26, 41, 12, 47, 6, 29, 18, 10, 21, 16, 32, 28, 2, 7, 46]
[22, 41, 36, 5, 7, 18, 28, 33, 11, 44, 19, 23, 10, 6, 16, 42, 43, 9, 38, 32, 8, 46, 30, 24, 17, 2, 49, 40, 1, 45, 15, 34, 25, 50, 35, 31, 21, 29, 3, 4, 27, 12, 39, 48, 47, 13, 37, 20, 26, 14]
[38, 5, 23, 3, 21, 40, 1, 36, 16, 14, 48, 12, 25, 13, 15, 29, 31, 22, 11, 43, 9, 35, 10, 8, 46, 45, 27, 49, 26, 32, 41, 44, 39, 7, 33, 17, 4, 47, 30, 19, 28, 2, 37, 50, 20, 34, 24, 42, 6, 18]
[47, 33, 20, 46, 5, 27, 7, 10, 36, 30, 32, 37, 49, 41, 13, 43, 4, 23, 16, 6, 11, 22, 45, 17, 2, 28, 34, 25, 38, 31, 21, 14, 44, 3, 9, 12, 48, 18, 35, 19, 40, 1, 26, 42, 39, 29, 8, 15, 24, 50]
[20, 4, 5, 15, 38, 32, 10, 13, 12, 35, 3, 6, 50, 25, 1, 23, 44, 33, 26, 8, 17, 36, 19, 22, 7, 2, 27, 11, 39, 28, 42, 45, 43, 16, 30, 49, 41, 48, 31, 21, 47, 9, 18, 29, 37, 46, 14, 34, 40, 24]
[25, 26, 44, 43, 10, 41, 14, 45, 20, 6, 40, 29, 12, 13, 21, 11, 49, 32, 35, 24, 15, 8, 1, 2, 33, 18, 22, 27, 47, 7, 28, 38, 37, 39, 5, 31, 50, 48, 23, 42, 4, 16, 9, 36, 46, 3, 34, 30, 17, 19]
[49, 30, 22, 41, 47, 21, 10, 29, 9, 27, 36, 17, 46, 4, 25, 48, 43, 38, 44, 42, 2, 23, 26, 16, 11, 19, 35, 12, 5, 7, 20, 33, 32, 13, 6, 8, 28, 37, 39, 31, 1, 45, 34, 15, 50, 18, 24, 14, 3, 40]
[49, 27, 37, 3, 11, 16, 24, 46, 9, 2, 43, 14, 5, 28, 4, 38, 41, 35, 12, 42, 20, 23, 36, 39, 50, 30, 22, 26, 25, 21, 8, 48, 31, 44, 19, 34, 15, 7, 1, 40, 29, 32, 10, 6, 47, 18, 45, 33, 17, 13]
[1, 3, 35, 23, 27, 26, 29, 41, 13, 22, 11, 7, 49, 16, 21, 30, 44, 8, 17, 25, 24, 46, 38, 39, 50, 28, 12, 20, 14, 2, 36, 47, 37, 40, 45, 42, 34, 48, 33, 19, 10, 15, 6, 9, 5, 32, 31, 43, 4, 18]
[42, 26, 49, 3, 41, 2, 28, 7, 10, 31, 35, 17, 33, 45, 25, 16, 34, 18, 44, 13, 37, 46, 38, 29, 36, 6, 14, 9, 5, 43, 11, 22, 50, 40, 32, 23, 1, 8, 20, 12, 21, 24, 15, 27, 4, 19, 39, 47, 48, 30]
[39, 17, 2, 6, 40, 19, 33, 31, 15, 22, 32, 47, 23, 29, 8, 36, 14, 12, 43, 49, 41, 27, 48, 5, 30, 13, 16, 44, 38, 37, 26, 46, 25, 4, 11, 28, 21, 3, 20, 34, 24, 35, 10, 45, 1, 9, 18, 42, 50, 7]
[24, 18, 49, 30, 26, 16, 7, 9, 39, 31, 38, 8, 17, 22, 43, 37, 1, 48, 13, 47, 12, 25, 34, 35, 2, 10, 44, 29, 3, 15, 46, 21, 45, 42, 19, 11, 6, 40, 14, 33, 50, 36, 5, 23, 20, 4, 27, 41, 32, 28]
[34, 48, 33, 24, 27, 3, 29, 25, 28, 45, 20, 16, 46, 22, 13, 10, 41, 14, 6, 1, 26, 35, 30, 23, 9, 42, 15, 38, 36, 18, 4, 37, 5, 2, 39, 12, 47, 40, 50, 43, 17, 44, 7, 49, 19, 11, 8, 21, 32, 31]
[44, 12, 48, 20, 13, 3, 32, 4, 40, 24, 41, 10, 39, 8, 45, 6, 37, 21, 23, 38, 31, 7, 42, 49, 33, 2, 34, 16, 22, 11, 46, 30, 5, 9, 43, 27, 1, 35, 15, 50, 26, 28, 25, 17, 36, 29, 18, 19, 47, 14]
];

# groups
gr = [
[1, 1, 1, 1, 2, 2, 3, 3, 3, 3, 3, 3, 4, 4, 5, 6, 6, 7, 7, 7, 7, 8, 8, 8, 8, 9, 9, 9, 9, 10, 10, 10, 10, 10, 11, 11, 11, 11, 12, 12, 13, 14, 15, 15, 15, 15, 15, 16, 16, 16]
[1, 1, 1, 2, 2, 2, 2, 3, 3, 4, 4, 4, 4, 4, 5, 5, 5, 5, 6, 6, 7, 7, 7, 8, 8, 8, 8, 8, 9, 10, 10, 10, 11, 11, 11, 11, 11, 12, 12, 12, 13, 14, 14, 14, 15, 16, 17, 17, 17, 18]
[1, 2, 3, 4, 5, 6, 7, 8, 8, 9, 10, 11, 11, 12, 13, 14, 15, 16, 16, 17, 18, 19, 20, 21, 22, 23, 24, 25, 26, 27, 28, 29, 30, 31, 32, 33, 34, 35, 36, 37, 38, 39, 40, 41, 42, 43, 44, 45, 46, 47]
[1, 2, 3, 4, 5, 6, 7, 7, 8, 9, 10, 11, 11, 12, 12, 13, 14, 14, 15, 15, 15, 16, 17, 18, 18, 19, 20, 21, 22, 23, 24, 24, 25, 26, 27, 28, 29, 30, 31, 31, 32, 33, 34, 35, 36, 37, 38, 39, 40, 41]
[1, 2, 2, 2, 2, 3, 3, 3, 4, 4, 4, 5, 6, 6, 6, 6, 6, 7, 7, 7, 8, 8, 8, 8, 8, 9, 9, 10, 10, 11, 11, 11, 12, 12, 13, 13, 13, 13, 14, 14, 14, 15, 15, 16, 16, 16, 16, 17, 17, 17]
[1, 1, 1, 1, 1, 1, 1, 1, 1, 1, 1, 1, 1, 1, 1, 1, 1, 1, 1, 1, 1, 1, 1, 1, 1, 1, 1, 1, 1, 1, 1, 1, 1, 1, 1, 1, 1, 1, 1, 1, 1, 1, 1, 1, 1, 1, 1, 1, 1, 1]
[1, 1, 1, 1, 1, 1, 1, 1, 1, 1, 1, 1, 2, 2, 2, 2, 2, 2, 2, 2, 2, 2, 2, 2, 2, 2, 2, 2, 2, 3, 3, 3, 3, 3, 3, 3, 3, 3, 4, 4, 4, 4, 4, 4, 4, 4, 4, 4, 4, 4]
[1, 1, 1, 1, 1, 1, 1, 1, 1, 1, 1, 1, 1, 1, 1, 1, 1, 1, 1, 1, 1, 1, 1, 2, 2, 2, 2, 2, 2, 2, 2, 2, 2, 2, 2, 2, 2, 2, 2, 2, 2, 2, 2, 2, 2, 2, 2, 2, 2, 2]
[1, 1, 2, 3, 4, 5, 6, 6, 6, 7, 7, 7, 8, 8, 9, 10, 11, 11, 12, 13, 13, 14, 15, 16, 17, 18, 19, 19, 20, 20, 21, 22, 23, 23, 24, 24, 25, 25, 26, 27, 28, 28, 29, 29, 30, 30, 31, 32, 32, 33]
[1, 1, 1, 1, 1, 1, 1, 2, 2, 2, 2, 2, 2, 2, 3, 3, 3, 3, 3, 3, 3, 3, 3, 4, 4, 4, 4, 4, 4, 5, 5, 5, 5, 5, 6, 6, 6, 6, 6, 6, 7, 7, 7, 7, 8, 8, 8, 8, 8, 8]
[1, 2, 3, 4, 5, 6, 7, 8, 9, 10, 11, 12, 13, 14, 15, 16, 17, 18, 19, 20, 21, 22, 23, 24, 25, 26, 27, 28, 29, 30, 31, 32, 33, 34, 35, 36, 37, 38, 39, 40, 41, 42, 43, 44, 45, 46, 47, 48, 49, 50]
[1, 2, 2, 2, 2, 3, 3, 3, 4, 5, 6, 6, 6, 7, 8, 8, 9, 10, 11, 11, 12, 13, 13, 13, 13, 14, 14, 15, 15, 15, 16, 16, 17, 17, 17, 18, 18, 18, 19, 19, 19, 20, 21, 21, 22, 23, 23, 23, 24, 24]
[1, 1, 1, 1, 1, 1, 1, 1, 1, 1, 2, 2, 2, 2, 2, 3, 3, 3, 4, 4, 4, 4, 4, 4, 5, 5, 5, 5, 5, 5, 5, 5, 6, 6, 6, 6, 6, 6, 7, 7, 7, 7, 7, 7, 8, 8, 8, 8, 8, 8]
[1, 2, 3, 4, 5, 6, 7, 8, 8, 8, 9, 9, 10, 11, 12, 12, 13, 14, 14, 15, 15, 16, 17, 18, 19, 20, 21, 22, 23, 24, 24, 25, 26, 27, 28, 28, 29, 29, 30, 31, 32, 33, 34, 35, 36, 37, 38, 38, 39, 40]
[1, 2, 2, 3, 3, 4, 5, 6, 7, 8, 9, 10, 11, 12, 13, 13, 14, 15, 16, 16, 17, 18, 18, 19, 20, 21, 21, 22, 22, 23, 24, 24, 24, 25, 26, 27, 27, 27, 28, 29, 30, 30, 31, 32, 33, 34, 35, 36, 37, 38]
[1, 1, 2, 2, 2, 2, 2, 3, 3, 3, 3, 3, 3, 4, 4, 4, 4, 4, 4, 4, 4, 5, 5, 5, 5, 5, 6, 6, 6, 6, 7, 7, 8, 8, 9, 9, 10, 10, 11, 11, 11, 11, 11, 11, 12, 12, 12, 12, 12, 12]
[1, 1, 2, 3, 4, 4, 5, 5, 5, 5, 6, 7, 8, 8, 9, 9, 10, 11, 12, 12, 13, 13, 14, 14, 15, 16, 16, 17, 18, 18, 19, 19, 20, 21, 22, 23, 24, 24, 24, 25, 25, 25, 25, 26, 27, 28, 29, 30, 31, 31]
[1, 1, 1, 2, 2, 2, 2, 2, 3, 3, 4, 4, 5, 6, 7, 8, 8, 8, 8, 8, 9, 9, 9, 10, 10, 10, 11, 11, 11, 11, 11, 12, 13, 13, 13, 14, 14, 14, 15, 15, 15, 15, 16, 17, 17, 17, 17, 17, 18, 18]
[1, 1, 2, 2, 3, 3, 3, 4, 4, 5, 6, 6, 6, 6, 7, 8, 8, 8, 9, 9, 10, 10, 10, 11, 12, 12, 12, 12, 13, 13, 14, 15, 15, 16, 16, 16, 16, 17, 18, 19, 19, 19, 19, 20, 21, 21, 22, 22, 22, 22]
[1, 1, 2, 3, 4, 5, 5, 6, 6, 7, 7, 8, 8, 8, 9, 10, 10, 11, 12, 13, 14, 15, 16, 16, 17, 18, 19, 19, 20, 21, 21, 22, 22, 23, 24, 24, 25, 25, 26, 27, 28, 29, 29, 30, 30, 30, 31, 32, 32, 33]
[1, 2, 3, 4, 5, 6, 7, 7, 8, 9, 10, 11, 11, 12, 12, 13, 14, 14, 15, 16, 16, 17, 18, 18, 19, 20, 21, 22, 22, 23, 24, 24, 25, 26, 26, 26, 26, 27, 27, 27, 28, 29, 29, 29, 30, 31, 31, 32, 33, 34]
[1, 1, 1, 1, 1, 1, 1, 1, 1, 2, 2, 2, 2, 2, 2, 2, 3, 3, 4, 4, 5, 5, 5, 5, 6, 6, 7, 7, 7, 7, 8, 8, 8, 8, 8, 9, 9, 10, 11, 11, 11, 12, 12, 13, 13, 14, 14, 14, 15, 15]
[1, 2, 2, 3, 4, 5, 6, 6, 7, 7, 8, 9, 10, 10, 11, 12, 12, 13, 14, 14, 15, 16, 17, 18, 19, 20, 21, 22, 23, 24, 25, 26, 26, 27, 28, 28, 29, 30, 31, 32, 33, 34, 35, 35, 36, 37, 38, 39, 40, 40]
[1, 1, 1, 1, 1, 2, 3, 3, 3, 4, 4, 4, 5, 6, 6, 6, 7, 7, 7, 8, 8, 8, 8, 9, 9, 10, 10, 10, 11, 11, 11, 12, 12, 12, 12, 12, 13, 13, 13, 13, 13, 13, 14, 14, 14, 14, 15, 15, 16, 16]
[1, 2, 3, 3, 4, 5, 6, 7, 8, 9, 10, 11, 11, 12, 13, 14, 15, 16, 16, 17, 18, 19, 20, 21, 22, 23, 24, 24, 25, 26, 27, 28, 29, 30, 31, 32, 33, 34, 35, 35, 36, 37, 38, 39, 40, 40, 41, 41, 42, 42]
[1, 1, 1, 1, 2, 2, 2, 3, 3, 3, 3, 3, 3, 4, 4, 4, 5, 5, 5, 5, 5, 5, 6, 6, 6, 6, 7, 7, 7, 7, 7, 7, 8, 8, 8, 8, 9, 10, 10, 10, 10, 11, 11, 12, 12, 12, 12, 12, 12, 12]
[1, 1, 1, 2, 2, 2, 3, 3, 3, 4, 4, 4, 4, 4, 4, 5, 5, 5, 6, 6, 6, 7, 7, 7, 8, 8, 9, 9, 9, 9, 10, 10, 10, 10, 11, 11, 11, 11, 11, 12, 12, 12, 13, 13, 13, 13, 13, 14, 14, 14]
[1, 2, 3, 4, 5, 6, 7, 8, 9, 10, 11, 12, 13, 14, 15, 16, 17, 18, 19, 20, 21, 22, 23, 24, 25, 26, 27, 28, 29, 30, 31, 32, 33, 34, 35, 36, 37, 38, 39, 40, 41, 42, 43, 44, 45, 46, 47, 48, 49, 50]
[1, 1, 1, 2, 2, 3, 4, 5, 5, 5, 6, 6, 6, 6, 7, 8, 8, 8, 8, 9, 9, 10, 10, 10, 11, 11, 12, 12, 12, 13, 14, 14, 14, 15, 16, 16, 17, 18, 18, 19, 20, 20, 21, 22, 23, 24, 24, 24, 25, 25]
[1, 2, 3, 3, 4, 4, 5, 6, 7, 8, 9, 10, 10, 11, 12, 12, 13, 14, 15, 16, 17, 18, 19, 20, 21, 22, 23, 24, 25, 25, 26, 27, 28, 29, 29, 30, 31, 32, 33, 34, 35, 35, 36, 36, 37, 37, 38, 39, 39, 40]
[1, 2, 3, 4, 5, 6, 7, 7, 8, 9, 10, 11, 12, 13, 13, 14, 15, 15, 16, 17, 18, 19, 20, 21, 22, 22, 23, 24, 25, 25, 26, 27, 28, 29, 30, 31, 32, 33, 34, 35, 36, 37, 38, 39, 40, 40, 41, 42, 43, 44]
[1, 1, 2, 2, 3, 3, 4, 4, 5, 5, 5, 6, 6, 7, 7, 8, 8, 9, 9, 10, 10, 11, 11, 11, 11, 12, 12, 12, 12, 12, 12, 13, 13, 13, 13, 13, 14, 14, 15, 15, 16, 16, 17, 17, 18, 18, 19, 19, 20, 20]
[1, 1, 1, 1, 1, 1, 1, 2, 2, 2, 3, 3, 3, 3, 3, 3, 4, 4, 4, 4, 4, 5, 5, 5, 5, 5, 5, 5, 5, 6, 6, 6, 6, 7, 7, 7, 7, 7, 8, 8, 8, 8, 8, 9, 9, 9, 9, 9, 9, 9]
[1, 1, 1, 1, 2, 3, 3, 3, 3, 4, 4, 4, 4, 5, 5, 5, 5, 5, 5, 6, 6, 6, 6, 7, 7, 7, 7, 7, 7, 8, 9, 9, 9, 10, 10, 10, 10, 11, 11, 11, 12, 12, 12, 12, 12, 13, 13, 13, 13, 13]
[1, 2, 3, 4, 4, 5, 6, 7, 7, 8, 9, 10, 11, 12, 13, 14, 14, 15, 16, 17, 18, 19, 20, 21, 22, 22, 23, 24, 24, 25, 26, 26, 27, 28, 29, 30, 30, 30, 31, 31, 32, 33, 34, 34, 34, 35, 36, 37, 37, 38]
[1, 1, 2, 2, 3, 4, 4, 4, 5, 5, 6, 7, 7, 7, 8, 8, 8, 9, 9, 10, 10, 11, 11, 11, 12, 12, 13, 13, 14, 14, 14, 14, 15, 15, 15, 16, 16, 17, 18, 18, 19, 19, 20, 20, 21, 21, 22, 23, 23, 23]
[1, 1, 1, 1, 1, 1, 1, 1, 1, 1, 1, 1, 1, 1, 1, 2, 2, 2, 2, 2, 2, 2, 2, 2, 2, 2, 3, 3, 3, 3, 3, 3, 3, 3, 3, 3, 3, 3, 3, 3, 3, 3, 4, 4, 4, 4, 4, 4, 4, 4]
[1, 1, 2, 3, 3, 4, 5, 5, 5, 6, 6, 7, 8, 9, 9, 10, 10, 11, 12, 12, 12, 12, 12, 13, 13, 14, 15, 15, 16, 17, 18, 19, 19, 19, 20, 20, 21, 21, 21, 21, 22, 22, 22, 22, 23, 23, 23, 23, 24, 25]
[1, 1, 1, 1, 1, 1, 1, 1, 1, 1, 1, 1, 1, 1, 1, 1, 1, 1, 1, 1, 1, 2, 2, 2, 2, 2, 2, 2, 2, 2, 2, 2, 2, 2, 2, 2, 2, 2, 2, 2, 2, 2, 2, 2, 2, 2, 2, 2, 2, 2]
[1, 1, 1, 1, 1, 2, 2, 2, 2, 2, 3, 3, 3, 3, 3, 3, 3, 3, 3, 3, 4, 4, 4, 4, 4, 4, 4, 5, 5, 5, 5, 5, 5, 5, 5, 5, 6, 6, 6, 7, 7, 7, 7, 7, 7, 8, 8, 8, 8, 8]
[1, 1, 1, 1, 1, 2, 2, 3, 3, 4, 4, 5, 5, 6, 6, 6, 7, 7, 7, 7, 7, 8, 8, 8, 8, 8, 8, 9, 9, 10, 10, 10, 10, 10, 11, 11, 11, 11, 11, 11, 11, 11, 12, 12, 12, 13, 13, 14, 14, 14]
[1, 1, 2, 3, 3, 3, 4, 5, 5, 5, 6, 7, 8, 8, 9, 9, 10, 10, 10, 11, 11, 11, 12, 12, 13, 13, 13, 14, 15, 15, 16, 16, 17, 17, 17, 18, 19, 20, 20, 21, 21, 22, 23, 23, 24, 24, 25, 25, 25, 26]
[1, 1, 1, 1, 1, 2, 2, 2, 2, 2, 2, 2, 2, 2, 2, 2, 2, 2, 2, 3, 3, 3, 3, 3, 3, 3, 3, 3, 4, 4, 4, 4, 4, 4, 4, 4, 4, 5, 5, 5, 5, 5, 5, 5, 5, 5, 5, 5, 5, 5]
[1, 1, 1, 2, 2, 2, 3, 3, 3, 3, 3, 3, 3, 4, 4, 4, 5, 5, 5, 5, 5, 5, 5, 6, 6, 6, 6, 6, 6, 7, 7, 7, 7, 7, 7, 7, 7, 8, 8, 8, 8, 9, 9, 9, 9, 9, 9, 9, 9, 9]
[1, 2, 3, 4, 5, 6, 7, 7, 8, 9, 10, 11, 12, 12, 13, 14, 15, 16, 17, 18, 19, 20, 21, 22, 23, 24, 25, 26, 27, 27, 28, 29, 29, 30, 31, 32, 33, 34, 34, 34, 35, 36, 37, 38, 39, 40, 41, 42, 43, 44]
[1, 1, 1, 2, 2, 3, 3, 4, 4, 4, 4, 5, 5, 5, 6, 6, 7, 7, 7, 8, 8, 9, 10, 10, 10, 11, 11, 12, 13, 13, 13, 13, 13, 14, 14, 14, 14, 15, 15, 15, 15, 16, 16, 16, 16, 17, 17, 17, 18, 19]
[1, 2, 3, 4, 4, 5, 6, 7, 8, 9, 9, 10, 11, 12, 13, 14, 14, 15, 16, 17, 18, 19, 20, 21, 22, 23, 24, 25, 26, 27, 28, 29, 30, 31, 32, 33, 34, 35, 36, 37, 38, 39, 40, 41, 42, 42, 43, 44, 45, 45]
[1, 2, 2, 3, 3, 4, 4, 4, 5, 5, 5, 6, 6, 6, 6, 7, 7, 8, 8, 9, 9, 10, 10, 11, 11, 12, 13, 13, 14, 15, 16, 16, 17, 17, 17, 18, 18, 18, 18, 19, 20, 20, 21, 21, 22, 22, 22, 23, 23, 23]
[1, 1, 2, 3, 3, 4, 5, 6, 6, 7, 8, 9, 10, 11, 12, 13, 14, 14, 15, 16, 17, 18, 19, 20, 21, 22, 23, 24, 25, 26, 27, 27, 28, 29, 30, 31, 32, 33, 34, 35, 36, 36, 37, 38, 39, 40, 41, 42, 43, 44]
[1, 1, 1, 1, 2, 2, 2, 2, 2, 2, 3, 3, 3, 3, 4, 4, 4, 4, 4, 4, 5, 5, 5, 5, 5, 5, 5, 6, 6, 7, 7, 7, 7, 8, 8, 8, 8, 8, 8, 8, 8, 8, 8, 9, 9, 9, 10, 10, 10, 10]
];