# INSTANCE PM GSSP 30x30-09

Jobs = 30;
Machines = 30;

# machines in parallel
Capacity = [3,2,1,1,2,3,2,3,2,3,3,1,2,1,2,2,2,3,3,1,2,2,1,3,1,2,1,3,2,1];

# processing times
pt = [
[97, 95, 60, 97, 80, 63, 76, 89, 57, 27, 20, 31, 99, 82, 43, 34, 97, 40, 58, 90, 57, 15, 37, 79, 72, 42, 48, 29, 94, 39]
[32, 58, 70, 84, 18, 31, 93, 21, 3, 11, 16, 57, 46, 30, 61, 19, 57, 24, 54, 53, 66, 66, 72, 95, 37, 35, 62, 38, 87, 83]
[70, 20, 33, 80, 94, 89, 35, 97, 50, 57, 6, 35, 13, 92, 95, 28, 72, 92, 68, 3, 99, 3, 27, 55, 38, 30, 28, 14, 96, 3]
[88, 4, 37, 23, 71, 2, 93, 67, 31, 98, 48, 83, 46, 30, 57, 37, 8, 33, 17, 82, 11, 2, 41, 25, 52, 40, 30, 32, 96, 40]
[39, 29, 5, 9, 5, 33, 97, 60, 6, 65, 17, 42, 79, 39, 58, 11, 50, 27, 48, 24, 99, 10, 69, 11, 48, 23, 70, 5, 54, 37]
[86, 35, 65, 27, 44, 49, 82, 96, 87, 53, 46, 33, 92, 39, 37, 17, 51, 34, 8, 8, 88, 35, 78, 28, 43, 26, 40, 97, 80, 97]
[75, 7, 28, 19, 50, 91, 20, 69, 64, 25, 78, 6, 84, 15, 41, 63, 38, 63, 94, 35, 68, 82, 10, 23, 19, 60, 65, 52, 45, 19]
[64, 45, 23, 26, 25, 23, 84, 88, 18, 20, 92, 80, 30, 19, 30, 60, 41, 58, 22, 83, 86, 74, 39, 99, 95, 22, 69, 47, 8, 1]
[95, 70, 2, 7, 20, 2, 29, 11, 76, 14, 34, 73, 85, 21, 87, 86, 43, 46, 97, 8, 52, 4, 36, 86, 66, 48, 79, 41, 56, 29]
[4, 64, 42, 25, 39, 24, 65, 2, 90, 30, 47, 77, 38, 49, 1, 66, 16, 86, 96, 90, 48, 28, 22, 53, 82, 54, 33, 67, 97, 89]
[78, 98, 36, 77, 72, 8, 59, 58, 46, 9, 18, 60, 61, 89, 19, 45, 77, 34, 71, 37, 64, 85, 74, 18, 9, 69, 8, 3, 78, 37]
[3, 70, 78, 9, 30, 2, 10, 47, 53, 13, 42, 14, 27, 7, 76, 76, 22, 98, 55, 68, 18, 39, 16, 63, 32, 90, 74, 5, 53, 65]
[97, 19, 86, 42, 32, 74, 26, 41, 84, 99, 92, 59, 12, 12, 44, 6, 40, 19, 15, 34, 78, 53, 1, 78, 22, 17, 53, 27, 8, 72]
[48, 73, 66, 13, 51, 82, 49, 41, 33, 98, 75, 60, 20, 11, 57, 11, 54, 4, 44, 15, 44, 16, 24, 60, 54, 35, 17, 87, 37, 1]
[27, 11, 62, 15, 68, 68, 68, 92, 10, 65, 91, 18, 7, 38, 84, 2, 12, 98, 35, 93, 38, 6, 81, 94, 17, 72, 5, 50, 92, 2]
[55, 40, 36, 19, 48, 23, 31, 95, 67, 75, 84, 21, 63, 15, 87, 70, 51, 59, 68, 54, 38, 14, 69, 42, 25, 43, 1, 7, 13, 8]
[46, 1, 98, 15, 23, 13, 46, 10, 14, 62, 57, 49, 35, 88, 40, 18, 73, 34, 43, 75, 32, 16, 99, 23, 76, 82, 67, 71, 68, 61]
[28, 37, 21, 65, 36, 60, 42, 2, 47, 24, 63, 2, 89, 45, 96, 45, 10, 37, 9, 9, 87, 82, 78, 56, 2, 33, 89, 64, 24, 94]
[52, 5, 59, 75, 6, 12, 15, 94, 64, 17, 87, 57, 1, 16, 27, 27, 77, 22, 20, 56, 21, 9, 69, 70, 87, 94, 33, 76, 77, 41]
[72, 60, 26, 87, 31, 14, 20, 44, 36, 60, 77, 84, 55, 7, 5, 40, 35, 65, 30, 15, 49, 51, 62, 60, 73, 40, 80, 75, 29, 50]
[49, 39, 24, 41, 98, 45, 24, 97, 37, 51, 51, 26, 16, 98, 74, 97, 44, 68, 78, 65, 41, 95, 21, 27, 23, 49, 63, 7, 29, 78]
[25, 61, 84, 95, 26, 84, 61, 65, 50, 14, 35, 84, 18, 80, 63, 65, 10, 63, 20, 82, 97, 85, 34, 77, 46, 22, 19, 67, 75, 78]
[86, 32, 33, 95, 67, 94, 14, 62, 40, 25, 8, 14, 94, 98, 11, 53, 49, 93, 29, 84, 16, 68, 89, 42, 69, 85, 43, 50, 86, 21]
[74, 22, 43, 10, 19, 68, 56, 25, 82, 24, 26, 62, 81, 52, 96, 6, 71, 24, 27, 99, 72, 69, 46, 25, 24, 49, 52, 52, 9, 24]
[20, 56, 96, 7, 68, 4, 87, 50, 14, 6, 64, 76, 13, 58, 94, 90, 17, 43, 34, 44, 94, 66, 51, 42, 70, 84, 66, 82, 53, 89]
[71, 91, 9, 72, 14, 82, 89, 78, 23, 79, 50, 69, 2, 31, 10, 60, 71, 68, 23, 57, 98, 40, 93, 91, 47, 40, 39, 94, 14, 63]
[61, 40, 35, 96, 23, 5, 89, 3, 17, 4, 89, 39, 22, 63, 10, 56, 57, 9, 71, 76, 86, 22, 90, 14, 30, 60, 25, 24, 29, 69]
[9, 86, 50, 55, 21, 39, 70, 7, 90, 83, 91, 18, 48, 92, 35, 90, 4, 96, 77, 62, 12, 43, 22, 91, 35, 86, 32, 1, 99, 80]
[78, 20, 71, 85, 47, 55, 7, 90, 46, 87, 48, 47, 37, 44, 19, 53, 42, 16, 51, 38, 54, 90, 13, 99, 75, 88, 8, 79, 74, 88]
[93, 7, 37, 59, 38, 54, 83, 45, 39, 92, 5, 99, 27, 5, 46, 29, 48, 7, 43, 95, 20, 20, 64, 21, 40, 9, 2, 9, 53, 4]
];

# jobs routes
jr = [
[5, 13, 28, 20, 18, 6, 12, 24, 15, 8, 19, 4, 9, 17, 16, 27, 3, 1, 2, 26, 10, 21, 11, 23, 30, 14, 7, 22, 25, 29]
[1, 20, 4, 24, 15, 13, 23, 26, 2, 18, 8, 16, 30, 17, 29, 9, 3, 22, 21, 14, 7, 10, 5, 11, 6, 25, 19, 27, 28, 12]
[10, 21, 8, 3, 13, 9, 29, 19, 6, 20, 23, 11, 7, 27, 4, 5, 22, 25, 15, 2, 14, 24, 16, 17, 18, 12, 26, 1, 28, 30]
[11, 3, 22, 29, 4, 15, 14, 10, 8, 23, 28, 18, 25, 17, 30, 12, 27, 5, 24, 20, 26, 19, 2, 7, 13, 1, 21, 16, 6, 9]
[16, 15, 20, 12, 25, 29, 14, 10, 21, 6, 28, 26, 5, 17, 8, 7, 9, 27, 23, 24, 13, 3, 2, 19, 18, 11, 1, 30, 22, 4]
[4, 2, 20, 19, 1, 7, 14, 23, 22, 15, 8, 29, 26, 25, 17, 27, 6, 16, 5, 9, 21, 18, 13, 11, 28, 24, 10, 30, 3, 12]
[8, 2, 14, 15, 18, 11, 28, 10, 19, 5, 7, 1, 13, 23, 25, 24, 16, 9, 4, 3, 30, 17, 12, 20, 21, 22, 26, 6, 29, 27]
[14, 9, 10, 8, 1, 27, 6, 25, 3, 4, 2, 18, 13, 23, 12, 17, 30, 15, 28, 21, 24, 7, 29, 16, 20, 19, 11, 22, 5, 26]
[24, 18, 17, 9, 5, 7, 19, 4, 22, 29, 26, 21, 1, 30, 28, 27, 6, 10, 25, 3, 12, 16, 20, 8, 23, 14, 2, 13, 11, 15]
[8, 20, 6, 14, 19, 28, 22, 27, 9, 7, 4, 15, 1, 21, 17, 25, 26, 5, 3, 11, 23, 13, 10, 24, 30, 29, 2, 12, 18, 16]
[26, 13, 3, 28, 8, 29, 7, 10, 24, 1, 15, 27, 16, 14, 17, 25, 20, 23, 21, 30, 11, 22, 6, 9, 19, 5, 2, 18, 4, 12]
[8, 3, 21, 4, 24, 26, 25, 19, 2, 16, 30, 27, 15, 28, 23, 14, 18, 5, 20, 11, 29, 10, 9, 13, 7, 22, 12, 1, 17, 6]
[16, 12, 14, 13, 26, 22, 9, 5, 17, 27, 8, 21, 25, 2, 6, 24, 19, 28, 23, 15, 10, 30, 18, 29, 11, 3, 1, 4, 20, 7]
[8, 9, 16, 2, 4, 12, 11, 10, 7, 30, 17, 22, 5, 24, 15, 18, 14, 21, 23, 27, 28, 13, 19, 1, 3, 6, 25, 20, 29, 26]
[24, 14, 17, 13, 20, 25, 21, 23, 30, 9, 19, 6, 10, 12, 1, 4, 11, 5, 28, 15, 16, 22, 26, 7, 3, 18, 8, 2, 29, 27]
[16, 1, 18, 24, 21, 3, 30, 12, 29, 13, 19, 26, 8, 20, 4, 11, 2, 5, 10, 22, 14, 15, 23, 27, 9, 28, 6, 17, 25, 7]
[14, 26, 3, 22, 19, 17, 6, 7, 29, 28, 18, 9, 10, 1, 27, 11, 8, 20, 23, 30, 12, 25, 5, 4, 21, 16, 13, 24, 15, 2]
[7, 21, 20, 15, 18, 5, 14, 29, 26, 27, 30, 12, 10, 8, 4, 6, 11, 25, 9, 28, 23, 2, 16, 22, 3, 13, 24, 17, 19, 1]
[23, 5, 26, 8, 7, 15, 1, 22, 12, 24, 20, 14, 9, 30, 3, 13, 10, 29, 4, 19, 28, 17, 16, 25, 6, 27, 21, 18, 11, 2]
[13, 11, 9, 17, 14, 5, 16, 28, 22, 12, 29, 15, 24, 6, 25, 23, 1, 20, 30, 7, 4, 19, 26, 21, 10, 2, 8, 18, 27, 3]
[1, 13, 9, 7, 10, 6, 5, 17, 27, 20, 2, 26, 16, 15, 25, 30, 23, 19, 14, 28, 12, 4, 3, 24, 11, 18, 8, 29, 21, 22]
[28, 14, 11, 25, 17, 6, 12, 23, 20, 19, 8, 9, 22, 1, 3, 18, 10, 24, 29, 21, 2, 26, 7, 4, 16, 27, 13, 15, 5, 30]
[9, 26, 10, 3, 25, 7, 17, 1, 27, 29, 21, 11, 20, 18, 6, 19, 13, 28, 23, 16, 12, 8, 14, 15, 5, 4, 24, 22, 2, 30]
[4, 15, 26, 3, 25, 20, 30, 10, 17, 16, 9, 8, 24, 23, 7, 12, 2, 19, 14, 29, 5, 22, 21, 28, 11, 6, 27, 18, 1, 13]
[28, 1, 27, 2, 26, 14, 4, 11, 8, 16, 18, 24, 20, 25, 15, 12, 3, 19, 9, 21, 22, 10, 6, 29, 30, 5, 17, 13, 7, 23]
[7, 29, 16, 30, 26, 20, 22, 4, 15, 27, 9, 23, 18, 2, 25, 14, 24, 8, 5, 6, 19, 3, 11, 21, 1, 17, 13, 12, 10, 28]
[25, 21, 26, 12, 4, 22, 28, 15, 7, 3, 30, 24, 9, 10, 6, 11, 23, 20, 2, 29, 1, 13, 16, 17, 5, 18, 19, 27, 14, 8]
[3, 15, 28, 8, 11, 12, 25, 5, 18, 27, 9, 14, 30, 29, 2, 13, 21, 1, 6, 17, 20, 10, 16, 4, 23, 22, 24, 7, 26, 19]
[28, 27, 2, 15, 11, 13, 6, 18, 3, 8, 10, 24, 23, 19, 14, 1, 16, 4, 20, 9, 30, 17, 5, 29, 22, 21, 25, 12, 7, 26]
[26, 24, 9, 29, 2, 11, 12, 19, 15, 14, 22, 23, 3, 20, 1, 28, 13, 4, 10, 25, 16, 18, 8, 21, 27, 30, 5, 6, 17, 7]
];

# groups
gr = [
[1, 1, 1, 1, 1, 2, 2, 2, 3, 3, 3, 3, 3, 4, 4, 4, 4, 5, 5, 5, 5, 5, 5, 5, 6, 6, 6, 6, 7, 7]
[1, 1, 1, 2, 2, 2, 2, 2, 2, 3, 4, 4, 5, 5, 6, 6, 6, 7, 8, 8, 8, 9, 9, 10, 10, 10, 11, 11, 12, 12]
[1, 2, 3, 4, 4, 5, 6, 7, 8, 8, 9, 9, 10, 11, 11, 12, 13, 14, 15, 16, 17, 18, 19, 19, 20, 21, 21, 22, 23, 23]
[1, 1, 1, 1, 1, 1, 1, 1, 1, 1, 1, 1, 1, 1, 2, 2, 2, 2, 2, 2, 2, 2, 2, 2, 2, 2, 2, 2, 2, 2]
[1, 2, 3, 4, 4, 4, 5, 5, 6, 6, 6, 7, 7, 8, 9, 10, 10, 10, 11, 11, 11, 11, 12, 13, 14, 14, 15, 15, 16, 17]
[1, 2, 2, 3, 4, 5, 5, 6, 7, 7, 8, 8, 9, 9, 10, 10, 11, 11, 12, 12, 13, 14, 15, 16, 16, 17, 18, 19, 19, 20]
[1, 1, 2, 2, 2, 3, 4, 5, 6, 7, 8, 8, 9, 9, 10, 11, 11, 11, 12, 12, 13, 14, 15, 15, 15, 16, 17, 17, 18, 19]
[1, 2, 3, 4, 5, 6, 7, 8, 9, 10, 11, 12, 12, 13, 14, 15, 16, 17, 18, 19, 20, 21, 21, 22, 23, 24, 24, 25, 26, 26]
[1, 2, 3, 4, 5, 6, 7, 8, 9, 10, 11, 12, 13, 14, 15, 16, 17, 18, 19, 20, 21, 22, 23, 24, 25, 26, 27, 28, 29, 30]
[1, 1, 1, 1, 1, 1, 1, 1, 1, 1, 1, 1, 1, 1, 1, 1, 1, 1, 1, 1, 1, 1, 1, 1, 1, 1, 1, 1, 1, 1]
[1, 1, 1, 1, 1, 1, 1, 1, 2, 2, 2, 2, 2, 2, 2, 2, 3, 3, 3, 3, 3, 3, 3, 3, 3, 4, 4, 4, 4, 4]
[1, 2, 2, 3, 4, 5, 5, 6, 7, 8, 9, 10, 11, 12, 13, 14, 14, 15, 16, 17, 18, 19, 20, 21, 22, 22, 23, 24, 25, 25]
[1, 1, 2, 2, 3, 3, 3, 4, 4, 5, 6, 7, 8, 8, 9, 9, 9, 10, 11, 11, 12, 12, 13, 14, 14, 14, 14, 15, 15, 15]
[1, 2, 3, 4, 5, 6, 7, 8, 9, 10, 11, 12, 13, 14, 15, 16, 17, 18, 19, 20, 21, 22, 23, 24, 25, 26, 27, 28, 29, 30]
[1, 1, 2, 2, 2, 3, 4, 4, 4, 4, 5, 6, 6, 7, 8, 8, 9, 9, 9, 9, 10, 10, 11, 11, 12, 12, 13, 13, 14, 14]
[1, 1, 1, 2, 2, 3, 3, 4, 5, 5, 5, 5, 5, 6, 6, 7, 7, 8, 8, 9, 10, 11, 11, 11, 12, 12, 13, 14, 15, 16]
[1, 1, 1, 1, 1, 1, 1, 1, 2, 2, 2, 3, 3, 3, 4, 4, 4, 4, 4, 4, 4, 4, 5, 5, 5, 5, 5, 5, 5, 5]
[1, 1, 1, 1, 1, 1, 2, 2, 2, 2, 2, 2, 2, 2, 3, 3, 3, 3, 3, 3, 3, 3, 3, 3, 3, 3, 3, 3, 3, 3]
[1, 1, 1, 1, 2, 2, 3, 4, 5, 6, 7, 7, 8, 8, 8, 9, 9, 9, 10, 10, 10, 11, 11, 11, 12, 13, 13, 13, 14, 14]
[1, 2, 3, 4, 4, 5, 6, 6, 7, 7, 7, 8, 9, 10, 10, 11, 12, 13, 14, 14, 15, 16, 16, 17, 18, 18, 19, 20, 20, 21]
[1, 1, 1, 1, 2, 3, 3, 3, 4, 5, 6, 6, 6, 7, 7, 8, 8, 8, 8, 9, 9, 10, 10, 11, 11, 12, 13, 13, 14, 15]
[1, 2, 2, 3, 4, 4, 5, 6, 6, 6, 7, 8, 8, 9, 9, 9, 10, 11, 12, 12, 13, 14, 14, 15, 15, 15, 16, 17, 18, 18]
[1, 1, 2, 3, 4, 5, 6, 7, 8, 9, 9, 10, 11, 12, 13, 14, 15, 16, 17, 18, 19, 20, 21, 22, 23, 24, 25, 25, 26, 26]
[1, 1, 1, 1, 1, 2, 2, 2, 3, 3, 3, 4, 4, 4, 4, 4, 4, 5, 5, 5, 6, 6, 6, 6, 6, 7, 7, 7, 7, 7]
[1, 2, 3, 4, 5, 6, 7, 8, 9, 10, 11, 12, 13, 14, 15, 16, 17, 17, 18, 19, 20, 21, 22, 23, 24, 25, 26, 27, 28, 29]
[1, 1, 1, 2, 2, 2, 3, 3, 3, 3, 3, 4, 4, 4, 4, 4, 4, 5, 5, 5, 6, 6, 6, 6, 6, 6, 6, 7, 7, 7]
[1, 2, 3, 4, 5, 6, 7, 8, 9, 10, 11, 12, 13, 14, 15, 16, 17, 18, 19, 20, 21, 22, 22, 23, 24, 25, 25, 26, 27, 28]
[1, 2, 3, 3, 4, 5, 6, 7, 8, 8, 9, 9, 10, 11, 12, 12, 13, 13, 13, 14, 15, 16, 17, 18, 19, 20, 21, 22, 23, 24]
[1, 2, 2, 2, 2, 3, 4, 4, 5, 5, 6, 6, 7, 8, 8, 9, 9, 10, 11, 11, 12, 12, 12, 12, 12, 13, 13, 14, 14, 15]
[1, 1, 1, 1, 1, 1, 1, 1, 2, 2, 2, 2, 2, 2, 2, 3, 3, 3, 3, 3, 3, 3, 4, 4, 4, 4, 4, 4, 4, 4]
];