# INSTANCE PM GSSP 50x50-03

Jobs = 50;
Machines = 50;

# machines in parallel
Capacity = [3,2,1,1,2,3,2,3,2,3,3,1,2,1,2,2,2,3,3,1,2,2,1,3,1,2,1,3,2,1];

# processing times
pt = [
[41,75,58,5,96,65,94,33,98,48,3,23,23,86,81,92,49,39,13,2,10,96,55,14,2,19,20,6,4,2,78,56,47,63,28,67,65,40,89,76,30,18,15,42,44,79,36,69,29,74]
[54,62,15,13,21,21,27,60,47,4,82,67,81,74,87,77,48,46,85,7,88,54,4,84,71,21,65,26,81,46,22,35,8,38,58,68,64,42,49,43,60,13,88,80,25,13,3,60,30,72]
[84,33,10,15,39,61,85,61,86,86,62,8,15,93,76,65,36,37,36,69,76,56,87,73,51,46,30,19,95,76,27,21,97,44,48,62,17,24,45,14,40,29,78,19,8,8,80,89,48,69]
[65,61,95,3,35,5,85,38,91,7,62,1,6,57,89,14,89,18,22,95,70,42,82,79,89,31,84,25,46,1,36,63,20,73,14,15,73,32,63,50,44,79,16,56,58,31,78,60,36,76]
[24,27,27,76,88,68,28,76,86,4,67,39,77,63,93,22,4,79,98,84,89,92,58,11,50,48,2,60,7,27,19,8,89,22,42,27,92,1,68,22,77,86,65,23,83,84,92,46,87,14]
[59,91,34,21,90,94,34,32,93,99,75,44,24,19,32,62,84,65,65,91,66,30,90,22,30,14,88,89,2,19,47,64,49,99,40,75,27,50,64,99,67,85,92,56,35,78,67,76,13,46]
[79,70,69,70,95,43,3,71,21,53,29,86,5,74,19,72,76,29,71,39,78,95,22,20,5,7,32,42,22,73,82,42,45,2,10,56,69,74,18,65,89,21,25,60,88,9,63,74,87,89]
[31,65,22,2,84,79,74,35,50,47,64,74,39,56,72,80,31,72,22,66,5,7,36,54,97,93,96,63,57,71,37,77,16,81,96,47,73,62,77,1,72,16,69,35,11,80,72,16,57,95]
[91,11,91,51,75,78,60,46,16,43,1,83,75,17,57,2,44,69,12,8,63,62,15,53,42,38,61,34,6,7,3,98,21,99,3,52,36,49,47,92,71,79,56,36,77,60,56,30,11,99]
[55,57,18,90,19,22,12,80,73,16,39,70,72,22,21,31,24,20,40,49,81,20,43,73,61,97,80,41,23,51,78,78,68,73,59,24,46,1,55,50,26,5,71,42,63,75,15,1,34,26]
[63,96,43,15,17,49,42,97,62,90,40,37,32,25,81,1,76,4,62,50,70,87,39,69,78,24,47,53,15,30,6,4,96,65,98,55,60,3,27,88,37,52,55,72,57,68,84,14,95,26]
[17,77,73,73,13,36,96,80,63,39,62,55,90,86,77,29,4,47,67,77,18,18,85,81,33,47,91,56,49,6,40,87,63,95,70,91,26,13,28,74,53,48,41,29,19,81,1,9,33,81]
[6,87,9,25,21,55,40,24,71,92,75,79,85,23,27,76,65,69,25,66,40,6,25,58,41,28,85,23,78,57,4,75,12,6,37,62,31,49,97,64,24,45,27,51,29,75,3,22,98,79]
[17,96,39,73,22,89,56,9,14,2,58,94,65,51,9,36,3,63,24,76,61,58,32,72,32,34,16,40,58,80,5,18,2,13,46,93,13,76,27,32,22,7,67,27,28,69,83,92,90,42]
[20,2,41,18,62,79,9,31,55,94,25,61,45,4,14,25,99,84,41,79,91,37,73,69,44,51,87,86,10,94,96,77,92,23,26,35,91,95,86,20,45,90,4,98,53,39,94,99,15,84]
[30,36,25,37,12,48,73,47,6,12,74,56,50,61,32,64,59,54,22,49,65,69,19,19,78,4,67,41,39,26,59,85,94,34,67,12,11,16,84,25,56,99,57,31,66,17,75,49,51,96]
[64,46,50,33,55,4,24,18,73,22,93,40,59,63,72,19,17,69,75,45,90,76,24,36,59,99,35,13,98,58,68,51,39,78,46,83,43,92,65,17,26,85,92,25,27,7,48,94,33,49]
[87,93,24,30,89,29,51,39,12,30,65,56,74,61,85,61,89,67,58,76,69,64,51,15,27,71,68,34,81,72,45,24,23,78,4,27,96,22,47,1,21,14,19,2,12,73,87,39,78,65]
[42,37,36,58,40,45,34,87,9,89,5,28,27,43,95,38,90,61,28,54,67,63,80,3,47,69,9,21,3,28,17,60,35,77,55,52,44,77,59,39,12,20,66,78,43,40,19,49,54,7]
[75,68,62,65,46,72,32,21,16,1,63,28,72,25,50,94,10,77,8,57,13,74,73,47,48,32,84,76,70,4,50,72,52,99,51,8,65,50,8,78,76,19,13,63,78,3,51,68,83,30]
[17,45,72,98,99,71,5,26,4,81,26,8,41,1,58,5,45,31,99,84,22,61,20,77,47,9,20,36,69,94,70,86,35,60,4,38,35,43,2,46,84,63,13,3,62,15,71,48,27,89]
[34,68,7,33,24,65,68,77,33,65,13,39,66,77,40,73,5,7,37,82,75,16,44,13,83,86,76,26,45,44,45,44,62,55,90,58,5,79,96,11,28,84,58,51,58,73,3,42,45,58]
[48,64,30,83,46,17,26,48,92,67,3,64,59,53,84,32,60,91,62,91,92,18,96,19,12,12,56,52,24,70,51,52,6,77,79,43,92,21,39,94,16,57,91,8,13,45,71,71,41,24]
[92,30,3,97,31,90,57,72,86,20,31,25,57,16,3,62,36,54,70,82,70,30,44,83,16,78,38,70,15,82,63,36,64,77,54,2,84,42,86,7,94,51,81,17,66,56,7,16,85,96]
[4,36,64,84,71,11,61,74,61,54,1,14,3,41,83,19,98,60,23,67,87,67,61,18,19,43,66,96,38,21,57,25,72,96,88,45,91,44,52,62,62,40,26,71,59,3,44,72,13,23]
[36,17,68,93,25,82,78,72,91,79,76,71,98,1,23,32,42,35,34,92,22,72,36,62,86,93,97,63,53,15,88,63,48,33,38,72,24,17,38,3,97,58,39,22,50,80,32,43,52,78]
[47,47,1,53,97,73,85,3,59,71,54,68,78,29,56,7,93,49,63,11,83,61,76,80,28,7,49,95,74,7,71,60,79,11,11,6,16,44,62,45,82,10,65,86,28,21,36,43,57,53]
[56,25,88,27,84,67,21,76,69,86,51,43,98,98,93,50,88,95,20,44,3,50,77,16,66,26,20,59,92,2,96,85,28,46,43,65,5,18,53,70,59,9,86,16,20,35,56,25,30,27]
[96,89,24,45,42,59,58,79,90,57,72,53,37,15,81,53,59,1,5,39,81,53,33,70,21,4,88,17,39,30,90,24,23,18,43,47,35,5,42,36,98,28,42,96,71,48,36,1,65,14]
[20,52,62,68,69,81,86,60,29,60,47,37,43,14,35,92,52,6,67,43,39,92,97,63,27,66,15,43,27,68,81,70,4,35,2,17,30,2,92,88,5,29,93,49,24,97,51,93,34,91]
[26,57,13,34,67,55,85,82,60,8,71,88,72,29,48,93,82,1,49,34,94,28,8,52,58,13,18,97,21,67,8,13,34,62,29,47,14,78,68,86,14,84,23,17,49,12,45,29,67,57]
[80,41,79,37,61,27,63,87,28,72,41,75,55,47,12,44,13,45,19,49,73,5,40,26,51,52,86,14,40,81,69,40,50,22,31,53,32,80,40,91,77,76,59,84,40,44,22,61,98,4]
[47,39,58,51,10,40,98,48,59,41,52,32,71,87,71,55,1,84,6,70,86,55,82,63,43,13,64,70,82,73,61,77,38,27,51,44,92,83,42,82,30,54,91,36,77,94,92,15,6,87]
[54,51,10,3,5,93,95,31,52,75,59,64,85,30,27,46,2,6,62,57,58,21,88,18,31,63,98,30,83,52,34,22,87,75,8,64,73,97,37,82,92,83,11,98,36,26,28,37,33,46]
[40,9,21,84,11,48,51,95,40,99,68,18,10,84,1,42,14,27,79,53,80,77,14,63,59,18,66,12,5,99,33,93,58,15,84,22,20,4,55,2,85,51,38,5,83,46,8,20,25,16]
[88,54,74,98,26,53,89,48,84,32,86,31,10,17,86,32,5,86,69,86,90,44,57,73,79,64,65,47,13,23,95,30,49,26,1,2,80,37,38,81,62,63,9,81,54,96,17,17,31,59]
[58,58,46,27,87,67,12,94,76,76,62,7,69,16,12,89,3,77,50,87,31,33,29,4,90,97,23,37,14,15,45,11,8,77,78,34,88,11,44,72,51,30,27,66,8,67,12,98,11,47]
[61,69,15,27,72,50,32,59,9,34,88,88,12,26,72,47,75,70,31,9,90,26,51,70,75,55,46,24,29,48,30,51,66,78,69,6,95,22,55,32,72,23,63,50,58,30,76,8,76,45]
[43,96,26,18,45,23,20,40,61,88,53,28,98,99,3,43,71,10,17,60,42,51,19,60,54,47,81,26,68,69,29,24,52,67,66,60,88,70,50,41,95,99,91,22,17,3,2,21,72,82]
[42,32,48,70,62,1,71,9,40,15,53,64,67,78,97,71,28,66,6,71,10,85,69,88,34,51,2,93,52,59,90,40,55,92,66,44,67,17,81,25,38,53,29,50,15,55,61,33,65,47]
[92,89,4,40,29,35,48,34,65,32,88,81,13,10,33,67,39,9,68,89,2,18,1,66,72,48,61,41,70,60,74,47,14,59,72,53,44,11,55,88,43,64,63,61,20,93,49,26,94,97]
[67,57,13,81,89,46,39,43,70,87,81,33,99,39,37,19,42,35,3,71,19,58,19,17,81,82,60,95,82,17,94,13,94,10,24,90,12,66,32,89,10,82,75,77,11,56,78,41,16,35]
[70,23,1,99,16,28,4,44,11,14,30,14,74,17,27,87,4,17,85,39,94,23,3,73,75,79,22,25,34,44,73,32,26,67,63,56,7,43,85,1,54,50,56,45,56,3,90,43,36,98]
[13,38,62,54,77,99,38,18,4,50,6,13,32,17,41,2,80,59,97,13,10,99,29,98,94,96,39,40,34,85,58,45,78,35,60,4,64,79,85,80,44,33,30,67,98,14,85,47,45,61]
[73,37,75,68,21,19,59,96,71,69,84,61,83,27,90,91,67,43,84,2,7,80,51,88,67,52,92,94,84,61,13,53,30,13,20,58,64,33,3,78,35,50,63,23,39,14,57,7,46,95]
[85,12,81,88,9,53,48,41,30,34,16,68,51,41,85,37,86,5,77,39,59,63,67,45,33,81,17,3,73,62,69,2,56,77,14,62,99,48,49,93,82,94,85,96,18,40,99,84,40,13]
[49,31,6,62,43,46,65,93,66,60,8,79,42,90,71,60,1,89,3,36,34,18,34,37,26,59,73,23,56,71,23,48,68,5,17,81,44,5,82,87,92,83,52,1,53,62,24,48,24,93]
[50,58,67,32,25,23,22,34,45,44,83,94,10,45,12,69,5,95,43,42,35,93,15,51,89,14,61,53,51,30,23,29,20,5,35,64,3,5,9,6,9,33,79,86,69,72,78,82,56,80]
[19,11,32,77,42,83,69,83,91,57,91,45,36,25,58,29,59,67,62,87,3,6,89,57,23,82,41,2,13,63,88,10,28,42,35,96,67,79,86,10,82,82,9,58,64,31,2,57,92,54]
[65,5,35,49,58,10,3,86,30,54,94,12,61,5,42,1,71,53,34,88,81,54,29,45,54,5,80,7,82,25,93,44,68,35,73,56,22,78,38,49,23,73,35,86,34,71,72,97,85,28]
];

# jobs routes
jr = [
[39, 3, 22, 16, 1, 12, 41, 5, 20, 7, 48, 44, 38, 30, 40, 32, 27, 33, 13, 29, 25, 8, 6, 21, 19, 15, 35, 9, 34, 17, 2, 31, 36, 14, 50, 43, 45, 47, 49, 18, 42, 46, 11, 23, 4, 28, 37, 24, 26, 10]
[26, 13, 9, 21, 17, 31, 46, 50, 27, 44, 47, 42, 23, 12, 1, 32, 10, 11, 40, 29, 45, 38, 24, 22, 37, 48, 18, 30, 20, 2, 34, 43, 33, 25, 19, 15, 39, 7, 14, 41, 5, 35, 8, 3, 36, 6, 16, 49, 4, 28]
[21, 28, 34, 11, 27, 36, 33, 12, 4, 9, 46, 43, 30, 20, 17, 38, 10, 39, 22, 18, 41, 37, 44, 2, 16, 5, 13, 19, 35, 7, 1, 29, 40, 48, 3, 15, 45, 31, 32, 47, 6, 50, 26, 14, 24, 23, 25, 42, 49, 8]
[5, 49, 34, 13, 32, 46, 37, 20, 31, 45, 25, 44, 35, 26, 12, 30, 10, 3, 42, 14, 28, 24, 38, 7, 22, 33, 15, 36, 41, 8, 21, 39, 29, 43, 1, 4, 17, 40, 47, 6, 18, 27, 19, 16, 50, 48, 9, 11, 2, 23]
[40, 22, 2, 14, 18, 9, 10, 25, 21, 49, 45, 3, 39, 29, 41, 28, 17, 44, 34, 27, 5, 23, 32, 19, 8, 7, 37, 13, 42, 6, 35, 20, 38, 24, 36, 16, 33, 1, 11, 43, 46, 50, 48, 30, 26, 31, 15, 47, 12, 4]
[3, 29, 12, 44, 19, 27, 35, 45, 22, 25, 14, 50, 7, 48, 21, 26, 20, 5, 4, 15, 33, 18, 11, 37, 34, 31, 6, 42, 41, 24, 47, 23, 30, 36, 32, 39, 16, 38, 46, 1, 13, 40, 43, 10, 2, 28, 49, 8, 17, 9]
[35, 3, 21, 24, 4, 22, 28, 23, 33, 5, 1, 9, 30, 29, 39, 20, 26, 45, 10, 15, 18, 31, 46, 25, 32, 36, 47, 7, 2, 12, 14, 38, 48, 13, 27, 41, 19, 40, 50, 11, 49, 43, 8, 37, 34, 42, 44, 6, 17, 16]
[46, 40, 39, 24, 41, 42, 15, 50, 25, 7, 3, 38, 44, 5, 28, 6, 12, 31, 1, 23, 45, 17, 27, 14, 35, 34, 20, 21, 18, 13, 49, 43, 9, 22, 19, 8, 10, 30, 2, 16, 29, 47, 33, 26, 4, 36, 11, 32, 37, 48]
[47, 25, 29, 23, 30, 49, 2, 44, 24, 40, 31, 10, 26, 22, 18, 16, 38, 13, 11, 39, 34, 1, 21, 14, 46, 3, 32, 48, 17, 37, 42, 8, 7, 43, 19, 20, 33, 6, 36, 35, 50, 28, 45, 12, 15, 4, 9, 41, 5, 27]
[45, 38, 33, 49, 46, 16, 40, 4, 31, 26, 15, 13, 19, 12, 21, 18, 8, 50, 7, 44, 24, 11, 48, 9, 35, 27, 25, 30, 34, 14, 23, 29, 36, 1, 5, 17, 20, 41, 6, 47, 37, 3, 32, 2, 10, 39, 43, 28, 42, 22]
[10, 9, 23, 38, 27, 19, 50, 8, 34, 29, 28, 2, 41, 17, 13, 20, 26, 5, 36, 12, 11, 48, 4, 40, 45, 35, 6, 44, 7, 25, 47, 15, 18, 42, 37, 43, 21, 31, 30, 24, 3, 16, 46, 39, 49, 14, 32, 22, 1, 33]
[50, 40, 36, 39, 32, 22, 24, 43, 49, 3, 20, 17, 41, 15, 18, 31, 8, 9, 11, 38, 34, 12, 45, 13, 2, 30, 35, 14, 21, 16, 46, 33, 44, 26, 28, 23, 4, 27, 6, 48, 37, 5, 10, 19, 1, 47, 29, 25, 7, 42]
[50, 9, 36, 35, 17, 23, 43, 29, 2, 13, 42, 14, 39, 26, 5, 21, 28, 46, 4, 25, 20, 15, 27, 38, 3, 45, 34, 10, 32, 33, 30, 16, 48, 7, 18, 37, 24, 8, 47, 19, 40, 49, 12, 11, 31, 41, 1, 22, 6, 44]
[40, 30, 1, 33, 31, 29, 22, 44, 9, 10, 18, 15, 26, 35, 50, 43, 23, 7, 14, 49, 4, 24, 17, 12, 13, 37, 6, 5, 11, 2, 41, 47, 8, 38, 34, 19, 20, 36, 21, 16, 3, 45, 48, 28, 32, 39, 42, 27, 46, 25]
[29, 43, 25, 3, 36, 21, 28, 49, 1, 4, 39, 23, 40, 2, 27, 47, 41, 35, 48, 7, 5, 30, 38, 14, 50, 24, 26, 33, 31, 17, 18, 13, 16, 20, 22, 37, 19, 11, 34, 44, 9, 8, 42, 10, 46, 32, 12, 6, 45, 15]
[23, 39, 37, 38, 44, 26, 5, 2, 6, 40, 9, 34, 49, 20, 35, 28, 10, 45, 12, 1, 48, 13, 8, 17, 21, 33, 18, 24, 42, 15, 32, 7, 3, 50, 30, 29, 4, 46, 31, 16, 47, 11, 19, 14, 25, 36, 27, 22, 41, 43]
[49, 37, 45, 8, 10, 50, 48, 5, 12, 19, 15, 46, 34, 22, 30, 20, 7, 44, 41, 16, 21, 6, 26, 9, 32, 42, 27, 47, 17, 3, 35, 25, 39, 14, 33, 36, 13, 28, 23, 18, 1, 11, 4, 40, 43, 31, 24, 38, 2, 29]
[2, 47, 16, 3, 22, 35, 18, 46, 26, 33, 11, 44, 43, 29, 37, 50, 14, 8, 39, 10, 7, 34, 12, 41, 40, 9, 32, 6, 45, 15, 4, 23, 36, 27, 38, 48, 20, 25, 21, 19, 1, 49, 5, 30, 31, 17, 24, 28, 42, 13]
[28, 50, 45, 6, 23, 47, 5, 38, 19, 4, 31, 20, 10, 22, 30, 1, 12, 32, 25, 3, 36, 24, 16, 9, 18, 46, 11, 7, 43, 27, 8, 26, 49, 2, 14, 29, 34, 41, 13, 39, 15, 17, 37, 42, 35, 44, 21, 40, 48, 33]
[35, 37, 18, 33, 47, 7, 41, 29, 17, 40, 5, 10, 50, 28, 39, 36, 14, 46, 4, 31, 12, 43, 3, 16, 48, 1, 21, 34, 30, 42, 6, 22, 20, 23, 24, 45, 49, 32, 2, 26, 19, 25, 15, 8, 44, 13, 11, 27, 38, 9]
[20, 26, 38, 8, 33, 31, 32, 35, 50, 9, 18, 40, 43, 4, 24, 34, 1, 5, 47, 16, 30, 21, 29, 15, 45, 11, 7, 48, 28, 44, 14, 36, 42, 41, 25, 2, 19, 13, 39, 46, 49, 12, 17, 10, 23, 37, 3, 27, 6, 22]
[34, 10, 30, 42, 37, 4, 18, 48, 29, 46, 1, 45, 11, 13, 39, 7, 31, 28, 36, 23, 6, 35, 40, 9, 43, 15, 2, 12, 49, 19, 38, 21, 8, 26, 14, 27, 3, 41, 44, 50, 5, 33, 22, 16, 47, 32, 20, 25, 24, 17]
[20, 45, 36, 49, 24, 9, 44, 2, 15, 39, 12, 25, 8, 23, 30, 43, 21, 40, 42, 27, 13, 19, 26, 31, 29, 37, 17, 32, 14, 47, 4, 34, 3, 22, 16, 18, 50, 7, 35, 6, 5, 28, 41, 1, 46, 11, 33, 10, 38, 48]
[22, 47, 39, 41, 14, 25, 36, 37, 11, 15, 44, 49, 13, 18, 29, 12, 16, 24, 8, 31, 23, 35, 19, 1, 38, 7, 50, 10, 21, 3, 42, 27, 40, 45, 43, 46, 32, 20, 9, 48, 28, 34, 26, 2, 30, 4, 6, 5, 17, 33]
[12, 35, 42, 20, 3, 47, 24, 8, 36, 38, 2, 49, 44, 23, 25, 29, 10, 41, 6, 18, 14, 34, 13, 40, 45, 30, 50, 19, 37, 7, 32, 5, 48, 15, 46, 31, 17, 1, 11, 28, 22, 27, 21, 16, 4, 9, 33, 26, 43, 39]
[28, 15, 8, 5, 3, 50, 16, 20, 31, 35, 6, 17, 36, 39, 19, 38, 34, 42, 48, 44, 40, 47, 18, 30, 49, 27, 41, 21, 37, 25, 2, 22, 4, 7, 45, 46, 26, 43, 32, 24, 23, 14, 12, 29, 9, 1, 10, 33, 13, 11]
[5, 30, 27, 20, 15, 8, 25, 21, 6, 36, 48, 38, 23, 34, 18, 41, 46, 3, 49, 29, 45, 14, 22, 16, 10, 28, 44, 32, 19, 35, 31, 33, 43, 2, 11, 12, 4, 40, 42, 17, 50, 13, 24, 26, 37, 7, 47, 39, 1, 9]
[16, 8, 15, 43, 26, 20, 17, 42, 36, 2, 18, 6, 37, 12, 30, 33, 21, 5, 9, 28, 22, 10, 49, 41, 35, 40, 24, 3, 47, 46, 45, 27, 29, 44, 7, 34, 32, 14, 23, 31, 11, 38, 4, 1, 50, 25, 39, 48, 19, 13]
[48, 23, 49, 31, 8, 33, 13, 40, 29, 24, 37, 17, 12, 19, 32, 21, 27, 44, 16, 7, 22, 30, 42, 43, 14, 39, 6, 50, 18, 46, 3, 1, 26, 10, 41, 20, 34, 36, 4, 2, 47, 15, 25, 35, 45, 5, 11, 28, 9, 38]
[35, 38, 13, 32, 3, 22, 17, 23, 43, 36, 34, 44, 39, 14, 37, 31, 30, 6, 27, 2, 12, 20, 46, 28, 26, 4, 11, 33, 49, 18, 50, 24, 19, 8, 15, 48, 29, 16, 5, 41, 42, 7, 1, 25, 9, 40, 45, 47, 21, 10]
[17, 21, 34, 22, 5, 38, 36, 2, 35, 37, 4, 26, 6, 28, 7, 3, 16, 1, 48, 25, 49, 8, 19, 11, 15, 23, 32, 39, 41, 18, 10, 47, 20, 40, 30, 46, 45, 50, 44, 42, 12, 33, 43, 13, 24, 27, 31, 29, 14, 9]
[39, 48, 3, 18, 11, 17, 45, 6, 37, 35, 20, 41, 5, 33, 10, 14, 46, 13, 22, 26, 34, 8, 19, 23, 21, 38, 24, 27, 47, 40, 9, 29, 42, 44, 16, 49, 12, 15, 25, 7, 28, 36, 31, 2, 30, 50, 32, 1, 43, 4]
[20, 47, 4, 18, 49, 46, 29, 33, 48, 21, 39, 2, 34, 5, 43, 9, 24, 26, 44, 32, 30, 41, 3, 22, 23, 6, 14, 15, 19, 11, 28, 37, 16, 42, 1, 40, 8, 12, 25, 36, 38, 50, 27, 35, 17, 45, 31, 13, 10, 7]
[35, 13, 5, 22, 24, 50, 17, 37, 28, 2, 43, 25, 30, 7, 33, 29, 26, 49, 34, 12, 44, 1, 6, 3, 18, 4, 47, 15, 16, 14, 27, 45, 31, 11, 19, 36, 21, 9, 46, 48, 42, 40, 20, 23, 32, 41, 8, 10, 39, 38]
[1, 21, 28, 44, 50, 26, 30, 18, 9, 17, 15, 35, 20, 36, 40, 29, 49, 12, 33, 31, 22, 48, 25, 47, 42, 38, 3, 13, 2, 23, 7, 39, 34, 16, 24, 14, 10, 43, 32, 41, 37, 45, 6, 5, 46, 8, 19, 11, 4, 27]
[22, 20, 27, 36, 17, 29, 23, 34, 6, 4, 45, 13, 7, 42, 21, 50, 3, 15, 10, 25, 49, 40, 41, 38, 47, 31, 24, 2, 19, 12, 48, 33, 43, 32, 26, 16, 37, 39, 5, 9, 35, 8, 30, 11, 14, 28, 18, 44, 46, 1]
[23, 43, 17, 49, 13, 44, 34, 31, 33, 27, 42, 4, 19, 40, 22, 30, 50, 25, 15, 36, 24, 39, 20, 3, 9, 35, 11, 48, 5, 1, 37, 14, 45, 8, 38, 26, 41, 12, 47, 6, 29, 18, 10, 21, 16, 32, 28, 2, 7, 46]
[22, 41, 36, 5, 7, 18, 28, 33, 11, 44, 19, 23, 10, 6, 16, 42, 43, 9, 38, 32, 8, 46, 30, 24, 17, 2, 49, 40, 1, 45, 15, 34, 25, 50, 35, 31, 21, 29, 3, 4, 27, 12, 39, 48, 47, 13, 37, 20, 26, 14]
[38, 5, 23, 3, 21, 40, 1, 36, 16, 14, 48, 12, 25, 13, 15, 29, 31, 22, 11, 43, 9, 35, 10, 8, 46, 45, 27, 49, 26, 32, 41, 44, 39, 7, 33, 17, 4, 47, 30, 19, 28, 2, 37, 50, 20, 34, 24, 42, 6, 18]
[47, 33, 20, 46, 5, 27, 7, 10, 36, 30, 32, 37, 49, 41, 13, 43, 4, 23, 16, 6, 11, 22, 45, 17, 2, 28, 34, 25, 38, 31, 21, 14, 44, 3, 9, 12, 48, 18, 35, 19, 40, 1, 26, 42, 39, 29, 8, 15, 24, 50]
[20, 4, 5, 15, 38, 32, 10, 13, 12, 35, 3, 6, 50, 25, 1, 23, 44, 33, 26, 8, 17, 36, 19, 22, 7, 2, 27, 11, 39, 28, 42, 45, 43, 16, 30, 49, 41, 48, 31, 21, 47, 9, 18, 29, 37, 46, 14, 34, 40, 24]
[25, 26, 44, 43, 10, 41, 14, 45, 20, 6, 40, 29, 12, 13, 21, 11, 49, 32, 35, 24, 15, 8, 1, 2, 33, 18, 22, 27, 47, 7, 28, 38, 37, 39, 5, 31, 50, 48, 23, 42, 4, 16, 9, 36, 46, 3, 34, 30, 17, 19]
[49, 30, 22, 41, 47, 21, 10, 29, 9, 27, 36, 17, 46, 4, 25, 48, 43, 38, 44, 42, 2, 23, 26, 16, 11, 19, 35, 12, 5, 7, 20, 33, 32, 13, 6, 8, 28, 37, 39, 31, 1, 45, 34, 15, 50, 18, 24, 14, 3, 40]
[49, 27, 37, 3, 11, 16, 24, 46, 9, 2, 43, 14, 5, 28, 4, 38, 41, 35, 12, 42, 20, 23, 36, 39, 50, 30, 22, 26, 25, 21, 8, 48, 31, 44, 19, 34, 15, 7, 1, 40, 29, 32, 10, 6, 47, 18, 45, 33, 17, 13]
[1, 3, 35, 23, 27, 26, 29, 41, 13, 22, 11, 7, 49, 16, 21, 30, 44, 8, 17, 25, 24, 46, 38, 39, 50, 28, 12, 20, 14, 2, 36, 47, 37, 40, 45, 42, 34, 48, 33, 19, 10, 15, 6, 9, 5, 32, 31, 43, 4, 18]
[42, 26, 49, 3, 41, 2, 28, 7, 10, 31, 35, 17, 33, 45, 25, 16, 34, 18, 44, 13, 37, 46, 38, 29, 36, 6, 14, 9, 5, 43, 11, 22, 50, 40, 32, 23, 1, 8, 20, 12, 21, 24, 15, 27, 4, 19, 39, 47, 48, 30]
[39, 17, 2, 6, 40, 19, 33, 31, 15, 22, 32, 47, 23, 29, 8, 36, 14, 12, 43, 49, 41, 27, 48, 5, 30, 13, 16, 44, 38, 37, 26, 46, 25, 4, 11, 28, 21, 3, 20, 34, 24, 35, 10, 45, 1, 9, 18, 42, 50, 7]
[24, 18, 49, 30, 26, 16, 7, 9, 39, 31, 38, 8, 17, 22, 43, 37, 1, 48, 13, 47, 12, 25, 34, 35, 2, 10, 44, 29, 3, 15, 46, 21, 45, 42, 19, 11, 6, 40, 14, 33, 50, 36, 5, 23, 20, 4, 27, 41, 32, 28]
[34, 48, 33, 24, 27, 3, 29, 25, 28, 45, 20, 16, 46, 22, 13, 10, 41, 14, 6, 1, 26, 35, 30, 23, 9, 42, 15, 38, 36, 18, 4, 37, 5, 2, 39, 12, 47, 40, 50, 43, 17, 44, 7, 49, 19, 11, 8, 21, 32, 31]
[44, 12, 48, 20, 13, 3, 32, 4, 40, 24, 41, 10, 39, 8, 45, 6, 37, 21, 23, 38, 31, 7, 42, 49, 33, 2, 34, 16, 22, 11, 46, 30, 5, 9, 43, 27, 1, 35, 15, 50, 26, 28, 25, 17, 36, 29, 18, 19, 47, 14]
];

# groups
gr = [
[1, 1, 1, 1, 2, 2, 3, 3, 3, 3, 3, 3, 4, 4, 5, 6, 6, 7, 7, 7, 7, 8, 8, 8, 8, 9, 9, 9, 9, 10, 10, 10, 10, 10, 11, 11, 11, 11, 12, 12, 13, 14, 15, 15, 15, 15, 15, 16, 16, 16]
[1, 1, 1, 2, 2, 2, 2, 3, 3, 4, 4, 4, 4, 4, 5, 5, 5, 5, 6, 6, 7, 7, 7, 8, 8, 8, 8, 8, 9, 10, 10, 10, 11, 11, 11, 11, 11, 12, 12, 12, 13, 14, 14, 14, 15, 16, 17, 17, 17, 18]
[1, 2, 3, 4, 5, 6, 7, 8, 8, 9, 10, 11, 11, 12, 13, 14, 15, 16, 16, 17, 18, 19, 20, 21, 22, 23, 24, 25, 26, 27, 28, 29, 30, 31, 32, 33, 34, 35, 36, 37, 38, 39, 40, 41, 42, 43, 44, 45, 46, 47]
[1, 2, 3, 4, 5, 6, 7, 7, 8, 9, 10, 11, 11, 12, 12, 13, 14, 14, 15, 15, 15, 16, 17, 18, 18, 19, 20, 21, 22, 23, 24, 24, 25, 26, 27, 28, 29, 30, 31, 31, 32, 33, 34, 35, 36, 37, 38, 39, 40, 41]
[1, 2, 2, 2, 2, 3, 3, 3, 4, 4, 4, 5, 6, 6, 6, 6, 6, 7, 7, 7, 8, 8, 8, 8, 8, 9, 9, 10, 10, 11, 11, 11, 12, 12, 13, 13, 13, 13, 14, 14, 14, 15, 15, 16, 16, 16, 16, 17, 17, 17]
[1, 1, 1, 1, 1, 1, 1, 1, 1, 1, 1, 1, 1, 1, 1, 1, 1, 1, 1, 1, 1, 1, 1, 1, 1, 1, 1, 1, 1, 1, 1, 1, 1, 1, 1, 1, 1, 1, 1, 1, 1, 1, 1, 1, 1, 1, 1, 1, 1, 1]
[1, 1, 1, 1, 1, 1, 1, 1, 1, 1, 1, 1, 2, 2, 2, 2, 2, 2, 2, 2, 2, 2, 2, 2, 2, 2, 2, 2, 2, 3, 3, 3, 3, 3, 3, 3, 3, 3, 4, 4, 4, 4, 4, 4, 4, 4, 4, 4, 4, 4]
[1, 1, 1, 1, 1, 1, 1, 1, 1, 1, 1, 1, 1, 1, 1, 1, 1, 1, 1, 1, 1, 1, 1, 2, 2, 2, 2, 2, 2, 2, 2, 2, 2, 2, 2, 2, 2, 2, 2, 2, 2, 2, 2, 2, 2, 2, 2, 2, 2, 2]
[1, 1, 2, 3, 4, 5, 6, 6, 6, 7, 7, 7, 8, 8, 9, 10, 11, 11, 12, 13, 13, 14, 15, 16, 17, 18, 19, 19, 20, 20, 21, 22, 23, 23, 24, 24, 25, 25, 26, 27, 28, 28, 29, 29, 30, 30, 31, 32, 32, 33]
[1, 1, 1, 1, 1, 1, 1, 2, 2, 2, 2, 2, 2, 2, 3, 3, 3, 3, 3, 3, 3, 3, 3, 4, 4, 4, 4, 4, 4, 5, 5, 5, 5, 5, 6, 6, 6, 6, 6, 6, 7, 7, 7, 7, 8, 8, 8, 8, 8, 8]
[1, 2, 3, 4, 5, 6, 7, 8, 9, 10, 11, 12, 13, 14, 15, 16, 17, 18, 19, 20, 21, 22, 23, 24, 25, 26, 27, 28, 29, 30, 31, 32, 33, 34, 35, 36, 37, 38, 39, 40, 41, 42, 43, 44, 45, 46, 47, 48, 49, 50]
[1, 2, 2, 2, 2, 3, 3, 3, 4, 5, 6, 6, 6, 7, 8, 8, 9, 10, 11, 11, 12, 13, 13, 13, 13, 14, 14, 15, 15, 15, 16, 16, 17, 17, 17, 18, 18, 18, 19, 19, 19, 20, 21, 21, 22, 23, 23, 23, 24, 24]
[1, 1, 1, 1, 1, 1, 1, 1, 1, 1, 2, 2, 2, 2, 2, 3, 3, 3, 4, 4, 4, 4, 4, 4, 5, 5, 5, 5, 5, 5, 5, 5, 6, 6, 6, 6, 6, 6, 7, 7, 7, 7, 7, 7, 8, 8, 8, 8, 8, 8]
[1, 2, 3, 4, 5, 6, 7, 8, 8, 8, 9, 9, 10, 11, 12, 12, 13, 14, 14, 15, 15, 16, 17, 18, 19, 20, 21, 22, 23, 24, 24, 25, 26, 27, 28, 28, 29, 29, 30, 31, 32, 33, 34, 35, 36, 37, 38, 38, 39, 40]
[1, 2, 2, 3, 3, 4, 5, 6, 7, 8, 9, 10, 11, 12, 13, 13, 14, 15, 16, 16, 17, 18, 18, 19, 20, 21, 21, 22, 22, 23, 24, 24, 24, 25, 26, 27, 27, 27, 28, 29, 30, 30, 31, 32, 33, 34, 35, 36, 37, 38]
[1, 1, 2, 2, 2, 2, 2, 3, 3, 3, 3, 3, 3, 4, 4, 4, 4, 4, 4, 4, 4, 5, 5, 5, 5, 5, 6, 6, 6, 6, 7, 7, 8, 8, 9, 9, 10, 10, 11, 11, 11, 11, 11, 11, 12, 12, 12, 12, 12, 12]
[1, 1, 2, 3, 4, 4, 5, 5, 5, 5, 6, 7, 8, 8, 9, 9, 10, 11, 12, 12, 13, 13, 14, 14, 15, 16, 16, 17, 18, 18, 19, 19, 20, 21, 22, 23, 24, 24, 24, 25, 25, 25, 25, 26, 27, 28, 29, 30, 31, 31]
[1, 1, 1, 2, 2, 2, 2, 2, 3, 3, 4, 4, 5, 6, 7, 8, 8, 8, 8, 8, 9, 9, 9, 10, 10, 10, 11, 11, 11, 11, 11, 12, 13, 13, 13, 14, 14, 14, 15, 15, 15, 15, 16, 17, 17, 17, 17, 17, 18, 18]
[1, 1, 2, 2, 3, 3, 3, 4, 4, 5, 6, 6, 6, 6, 7, 8, 8, 8, 9, 9, 10, 10, 10, 11, 12, 12, 12, 12, 13, 13, 14, 15, 15, 16, 16, 16, 16, 17, 18, 19, 19, 19, 19, 20, 21, 21, 22, 22, 22, 22]
[1, 1, 2, 3, 4, 5, 5, 6, 6, 7, 7, 8, 8, 8, 9, 10, 10, 11, 12, 13, 14, 15, 16, 16, 17, 18, 19, 19, 20, 21, 21, 22, 22, 23, 24, 24, 25, 25, 26, 27, 28, 29, 29, 30, 30, 30, 31, 32, 32, 33]
[1, 2, 3, 4, 5, 6, 7, 7, 8, 9, 10, 11, 11, 12, 12, 13, 14, 14, 15, 16, 16, 17, 18, 18, 19, 20, 21, 22, 22, 23, 24, 24, 25, 26, 26, 26, 26, 27, 27, 27, 28, 29, 29, 29, 30, 31, 31, 32, 33, 34]
[1, 1, 1, 1, 1, 1, 1, 1, 1, 2, 2, 2, 2, 2, 2, 2, 3, 3, 4, 4, 5, 5, 5, 5, 6, 6, 7, 7, 7, 7, 8, 8, 8, 8, 8, 9, 9, 10, 11, 11, 11, 12, 12, 13, 13, 14, 14, 14, 15, 15]
[1, 2, 2, 3, 4, 5, 6, 6, 7, 7, 8, 9, 10, 10, 11, 12, 12, 13, 14, 14, 15, 16, 17, 18, 19, 20, 21, 22, 23, 24, 25, 26, 26, 27, 28, 28, 29, 30, 31, 32, 33, 34, 35, 35, 36, 37, 38, 39, 40, 40]
[1, 1, 1, 1, 1, 2, 3, 3, 3, 4, 4, 4, 5, 6, 6, 6, 7, 7, 7, 8, 8, 8, 8, 9, 9, 10, 10, 10, 11, 11, 11, 12, 12, 12, 12, 12, 13, 13, 13, 13, 13, 13, 14, 14, 14, 14, 15, 15, 16, 16]
[1, 2, 3, 3, 4, 5, 6, 7, 8, 9, 10, 11, 11, 12, 13, 14, 15, 16, 16, 17, 18, 19, 20, 21, 22, 23, 24, 24, 25, 26, 27, 28, 29, 30, 31, 32, 33, 34, 35, 35, 36, 37, 38, 39, 40, 40, 41, 41, 42, 42]
[1, 1, 1, 1, 2, 2, 2, 3, 3, 3, 3, 3, 3, 4, 4, 4, 5, 5, 5, 5, 5, 5, 6, 6, 6, 6, 7, 7, 7, 7, 7, 7, 8, 8, 8, 8, 9, 10, 10, 10, 10, 11, 11, 12, 12, 12, 12, 12, 12, 12]
[1, 1, 1, 2, 2, 2, 3, 3, 3, 4, 4, 4, 4, 4, 4, 5, 5, 5, 6, 6, 6, 7, 7, 7, 8, 8, 9, 9, 9, 9, 10, 10, 10, 10, 11, 11, 11, 11, 11, 12, 12, 12, 13, 13, 13, 13, 13, 14, 14, 14]
[1, 2, 3, 4, 5, 6, 7, 8, 9, 10, 11, 12, 13, 14, 15, 16, 17, 18, 19, 20, 21, 22, 23, 24, 25, 26, 27, 28, 29, 30, 31, 32, 33, 34, 35, 36, 37, 38, 39, 40, 41, 42, 43, 44, 45, 46, 47, 48, 49, 50]
[1, 1, 1, 2, 2, 3, 4, 5, 5, 5, 6, 6, 6, 6, 7, 8, 8, 8, 8, 9, 9, 10, 10, 10, 11, 11, 12, 12, 12, 13, 14, 14, 14, 15, 16, 16, 17, 18, 18, 19, 20, 20, 21, 22, 23, 24, 24, 24, 25, 25]
[1, 2, 3, 3, 4, 4, 5, 6, 7, 8, 9, 10, 10, 11, 12, 12, 13, 14, 15, 16, 17, 18, 19, 20, 21, 22, 23, 24, 25, 25, 26, 27, 28, 29, 29, 30, 31, 32, 33, 34, 35, 35, 36, 36, 37, 37, 38, 39, 39, 40]
[1, 2, 3, 4, 5, 6, 7, 7, 8, 9, 10, 11, 12, 13, 13, 14, 15, 15, 16, 17, 18, 19, 20, 21, 22, 22, 23, 24, 25, 25, 26, 27, 28, 29, 30, 31, 32, 33, 34, 35, 36, 37, 38, 39, 40, 40, 41, 42, 43, 44]
[1, 1, 2, 2, 3, 3, 4, 4, 5, 5, 5, 6, 6, 7, 7, 8, 8, 9, 9, 10, 10, 11, 11, 11, 11, 12, 12, 12, 12, 12, 12, 13, 13, 13, 13, 13, 14, 14, 15, 15, 16, 16, 17, 17, 18, 18, 19, 19, 20, 20]
[1, 1, 1, 1, 1, 1, 1, 2, 2, 2, 3, 3, 3, 3, 3, 3, 4, 4, 4, 4, 4, 5, 5, 5, 5, 5, 5, 5, 5, 6, 6, 6, 6, 7, 7, 7, 7, 7, 8, 8, 8, 8, 8, 9, 9, 9, 9, 9, 9, 9]
[1, 1, 1, 1, 2, 3, 3, 3, 3, 4, 4, 4, 4, 5, 5, 5, 5, 5, 5, 6, 6, 6, 6, 7, 7, 7, 7, 7, 7, 8, 9, 9, 9, 10, 10, 10, 10, 11, 11, 11, 12, 12, 12, 12, 12, 13, 13, 13, 13, 13]
[1, 2, 3, 4, 4, 5, 6, 7, 7, 8, 9, 10, 11, 12, 13, 14, 14, 15, 16, 17, 18, 19, 20, 21, 22, 22, 23, 24, 24, 25, 26, 26, 27, 28, 29, 30, 30, 30, 31, 31, 32, 33, 34, 34, 34, 35, 36, 37, 37, 38]
[1, 1, 2, 2, 3, 4, 4, 4, 5, 5, 6, 7, 7, 7, 8, 8, 8, 9, 9, 10, 10, 11, 11, 11, 12, 12, 13, 13, 14, 14, 14, 14, 15, 15, 15, 16, 16, 17, 18, 18, 19, 19, 20, 20, 21, 21, 22, 23, 23, 23]
[1, 1, 1, 1, 1, 1, 1, 1, 1, 1, 1, 1, 1, 1, 1, 2, 2, 2, 2, 2, 2, 2, 2, 2, 2, 2, 3, 3, 3, 3, 3, 3, 3, 3, 3, 3, 3, 3, 3, 3, 3, 3, 4, 4, 4, 4, 4, 4, 4, 4]
[1, 1, 2, 3, 3, 4, 5, 5, 5, 6, 6, 7, 8, 9, 9, 10, 10, 11, 12, 12, 12, 12, 12, 13, 13, 14, 15, 15, 16, 17, 18, 19, 19, 19, 20, 20, 21, 21, 21, 21, 22, 22, 22, 22, 23, 23, 23, 23, 24, 25]
[1, 1, 1, 1, 1, 1, 1, 1, 1, 1, 1, 1, 1, 1, 1, 1, 1, 1, 1, 1, 1, 2, 2, 2, 2, 2, 2, 2, 2, 2, 2, 2, 2, 2, 2, 2, 2, 2, 2, 2, 2, 2, 2, 2, 2, 2, 2, 2, 2, 2]
[1, 1, 1, 1, 1, 2, 2, 2, 2, 2, 3, 3, 3, 3, 3, 3, 3, 3, 3, 3, 4, 4, 4, 4, 4, 4, 4, 5, 5, 5, 5, 5, 5, 5, 5, 5, 6, 6, 6, 7, 7, 7, 7, 7, 7, 8, 8, 8, 8, 8]
[1, 1, 1, 1, 1, 2, 2, 3, 3, 4, 4, 5, 5, 6, 6, 6, 7, 7, 7, 7, 7, 8, 8, 8, 8, 8, 8, 9, 9, 10, 10, 10, 10, 10, 11, 11, 11, 11, 11, 11, 11, 11, 12, 12, 12, 13, 13, 14, 14, 14]
[1, 1, 2, 3, 3, 3, 4, 5, 5, 5, 6, 7, 8, 8, 9, 9, 10, 10, 10, 11, 11, 11, 12, 12, 13, 13, 13, 14, 15, 15, 16, 16, 17, 17, 17, 18, 19, 20, 20, 21, 21, 22, 23, 23, 24, 24, 25, 25, 25, 26]
[1, 1, 1, 1, 1, 2, 2, 2, 2, 2, 2, 2, 2, 2, 2, 2, 2, 2, 2, 3, 3, 3, 3, 3, 3, 3, 3, 3, 4, 4, 4, 4, 4, 4, 4, 4, 4, 5, 5, 5, 5, 5, 5, 5, 5, 5, 5, 5, 5, 5]
[1, 1, 1, 2, 2, 2, 3, 3, 3, 3, 3, 3, 3, 4, 4, 4, 5, 5, 5, 5, 5, 5, 5, 6, 6, 6, 6, 6, 6, 7, 7, 7, 7, 7, 7, 7, 7, 8, 8, 8, 8, 9, 9, 9, 9, 9, 9, 9, 9, 9]
[1, 2, 3, 4, 5, 6, 7, 7, 8, 9, 10, 11, 12, 12, 13, 14, 15, 16, 17, 18, 19, 20, 21, 22, 23, 24, 25, 26, 27, 27, 28, 29, 29, 30, 31, 32, 33, 34, 34, 34, 35, 36, 37, 38, 39, 40, 41, 42, 43, 44]
[1, 1, 1, 2, 2, 3, 3, 4, 4, 4, 4, 5, 5, 5, 6, 6, 7, 7, 7, 8, 8, 9, 10, 10, 10, 11, 11, 12, 13, 13, 13, 13, 13, 14, 14, 14, 14, 15, 15, 15, 15, 16, 16, 16, 16, 17, 17, 17, 18, 19]
[1, 2, 3, 4, 4, 5, 6, 7, 8, 9, 9, 10, 11, 12, 13, 14, 14, 15, 16, 17, 18, 19, 20, 21, 22, 23, 24, 25, 26, 27, 28, 29, 30, 31, 32, 33, 34, 35, 36, 37, 38, 39, 40, 41, 42, 42, 43, 44, 45, 45]
[1, 2, 2, 3, 3, 4, 4, 4, 5, 5, 5, 6, 6, 6, 6, 7, 7, 8, 8, 9, 9, 10, 10, 11, 11, 12, 13, 13, 14, 15, 16, 16, 17, 17, 17, 18, 18, 18, 18, 19, 20, 20, 21, 21, 22, 22, 22, 23, 23, 23]
[1, 1, 2, 3, 3, 4, 5, 6, 6, 7, 8, 9, 10, 11, 12, 13, 14, 14, 15, 16, 17, 18, 19, 20, 21, 22, 23, 24, 25, 26, 27, 27, 28, 29, 30, 31, 32, 33, 34, 35, 36, 36, 37, 38, 39, 40, 41, 42, 43, 44]
[1, 1, 1, 1, 2, 2, 2, 2, 2, 2, 3, 3, 3, 3, 4, 4, 4, 4, 4, 4, 5, 5, 5, 5, 5, 5, 5, 6, 6, 7, 7, 7, 7, 8, 8, 8, 8, 8, 8, 8, 8, 8, 8, 9, 9, 9, 10, 10, 10, 10]
];