# INSTANCE PM MSSP_50x50_OSSP_JOBS_45_INST_02

Jobs = 50;
Machines = 50;

# machines in parallel
Capacity = [3,3,2,3,3,3,2,2,2,2,2,1,2,1,1,3,3,2,2,2,1,3,2,3,1,2,3,1,3,1,1,3,1,1,3,1,2,3,1,1,2,2,3,1,3,2,2,2,1,1];

# processing times
pt = [
[14,6,60,44,38,58,96,48,42,24,8,30,56,58,25,67,92,79,24,13,65,15,66,75,19,93,40,37,48,89,12,91,27,11,24,86,62,99,69,58,93,89,60,25,3,37,98,69,10,10]
[2,10,61,12,15,33,81,10,36,84,78,71,24,37,9,18,54,98,28,97,46,75,14,14,3,24,72,30,81,92,32,82,25,57,62,16,61,82,5,14,72,63,52,90,48,49,20,97,27,88]
[79,7,74,81,36,11,63,49,23,84,74,22,71,22,46,10,20,66,41,50,67,51,61,9,44,61,33,99,49,87,11,99,45,34,37,89,99,24,56,38,37,13,55,11,57,22,95,39,86,22]
[89,4,56,92,48,87,79,47,73,90,72,74,13,83,56,61,87,55,90,65,34,10,53,12,40,21,76,38,18,60,77,39,99,4,2,2,4,27,4,40,15,52,7,58,80,13,35,21,5,13]
[94,78,96,45,53,66,67,98,84,36,9,87,72,52,91,64,15,67,75,8,50,83,13,91,9,73,88,31,78,36,51,11,75,68,38,29,59,33,79,93,88,76,45,56,20,24,79,42,46,80]
[72,11,10,32,53,86,47,57,16,1,30,29,42,14,65,7,58,56,22,50,33,54,4,16,42,64,38,72,38,7,36,90,17,76,13,54,98,11,3,92,54,47,17,73,93,57,43,41,58,44]
[48,6,31,46,2,85,55,3,40,50,81,24,93,37,41,82,22,44,21,42,25,93,74,63,51,25,98,43,10,23,39,31,93,27,3,98,66,64,49,39,83,41,96,65,32,83,92,56,21,72]
[15,50,64,22,90,30,9,68,6,92,95,67,80,98,4,60,28,77,6,2,37,27,36,44,72,11,16,76,66,64,90,29,40,4,92,78,39,8,64,90,82,89,89,33,29,47,33,12,27,89]
[63,36,77,76,88,64,34,48,48,14,84,48,47,8,57,74,72,87,59,65,66,5,15,78,12,44,82,56,71,82,78,84,99,9,76,39,45,32,60,52,33,26,76,7,15,53,31,23,58,78]
[7,74,24,40,29,76,53,29,67,97,55,82,51,36,97,94,85,45,93,72,6,62,95,81,19,79,98,32,27,13,96,86,79,8,40,1,6,13,10,33,58,61,27,36,68,33,46,47,77,96]
[53,93,77,98,35,46,41,83,7,58,11,53,62,2,21,78,45,80,55,60,80,70,88,56,6,61,62,97,32,29,1,88,43,3,27,25,4,86,71,72,62,16,41,87,9,55,85,53,87,64]
[14,15,12,86,99,26,27,1,40,18,27,18,21,73,26,70,18,13,31,8,80,57,9,4,8,25,59,93,7,8,56,47,6,43,94,54,52,17,61,82,17,68,23,36,34,33,12,17,54,40]
[63,56,45,30,11,65,40,75,18,2,55,59,24,65,5,10,33,76,79,63,1,70,12,78,25,96,63,84,31,81,3,22,93,48,43,93,92,36,54,28,85,10,3,68,37,7,56,64,50,51]
[8,5,41,74,24,48,45,85,18,84,67,44,74,62,63,41,38,90,58,93,6,20,85,34,28,23,84,46,20,32,80,98,32,65,93,99,96,63,6,18,67,33,94,64,28,91,56,3,83,99]
[88,50,75,7,77,18,73,4,37,95,11,73,25,81,37,52,24,21,94,68,18,26,31,36,48,70,32,58,87,56,54,45,77,61,41,36,87,2,22,71,10,18,64,42,4,80,36,53,57,7]
[5,75,65,80,4,4,83,43,83,38,15,38,13,75,70,79,64,72,69,57,48,4,79,41,74,46,76,90,32,18,48,66,68,40,31,75,75,14,2,90,77,61,46,55,63,69,45,33,67,4]
[36,86,63,94,42,67,45,41,8,92,13,4,46,5,73,12,88,27,82,69,38,96,29,23,86,96,32,15,14,12,7,67,84,70,55,84,54,21,80,96,70,8,33,83,52,70,25,62,12,73]
[89,53,31,58,91,19,14,40,13,16,26,17,82,43,93,41,23,2,12,99,94,46,48,41,86,28,67,47,47,92,94,70,74,33,3,87,13,86,54,77,54,84,4,66,87,68,84,19,24,76]
[28,56,97,69,88,45,48,64,40,10,76,57,76,49,82,26,25,33,98,5,5,45,91,77,71,41,28,49,45,54,59,31,55,5,7,39,43,51,15,52,31,4,15,27,61,18,86,84,32,97]
[15,8,22,31,85,88,31,6,18,49,84,17,17,52,14,89,96,82,55,54,91,63,30,76,10,52,87,76,86,2,72,16,42,60,64,29,74,84,32,23,50,84,44,61,87,90,88,95,16,27]
[3,30,88,96,67,94,95,27,90,70,9,29,71,59,10,6,82,20,75,87,32,60,86,10,86,11,72,84,84,76,16,78,28,93,48,1,86,60,24,47,70,2,57,51,90,52,5,45,27,50]
[49,82,30,95,43,99,24,62,29,24,66,26,78,29,71,22,88,87,24,12,35,76,93,20,53,75,13,39,61,14,31,65,49,79,33,19,75,88,10,78,93,4,36,42,62,95,76,32,58,11]
[97,57,70,3,48,52,61,36,4,97,88,54,97,10,9,49,46,59,76,94,6,73,36,73,31,93,34,94,44,92,75,89,28,70,15,86,54,39,86,37,8,58,55,95,8,7,75,49,97,40]
[2,1,70,17,69,5,41,42,90,13,24,26,97,14,92,61,31,61,3,83,35,31,5,58,36,15,96,17,90,35,34,43,50,73,91,77,3,64,30,34,71,55,14,11,52,77,84,31,59,73]
[57,98,42,80,32,10,24,32,16,69,48,32,99,44,87,57,96,78,47,20,88,6,17,21,95,1,94,21,62,20,57,99,36,31,61,21,13,27,10,9,98,37,48,42,42,47,48,46,43,55]
[48,62,52,74,80,46,59,71,88,56,82,17,7,86,20,11,94,79,92,95,65,36,85,43,60,34,98,44,11,96,44,28,69,37,64,75,61,3,43,33,54,57,64,44,75,15,16,57,90,65]
[8,52,3,58,36,27,78,23,70,97,88,60,80,60,32,73,26,53,17,68,36,18,33,32,27,56,44,39,76,49,19,1,33,36,30,93,37,81,10,34,63,76,74,24,68,45,72,62,5,17]
[79,81,79,49,87,10,19,84,54,71,16,79,89,36,91,55,88,20,4,43,67,5,8,74,16,37,27,48,78,86,70,35,15,56,40,17,58,99,88,7,87,6,51,78,36,13,9,18,89,55]
[19,1,74,85,8,45,99,41,92,46,44,61,89,79,6,36,77,30,38,6,83,89,55,69,92,12,24,18,9,32,89,93,76,34,15,84,22,77,50,22,21,70,29,79,30,60,60,67,81,1]
[99,35,50,79,12,42,96,93,94,17,85,18,75,86,17,70,11,9,55,26,22,28,35,95,61,49,16,65,96,71,22,6,7,43,80,36,52,93,76,2,59,44,27,16,79,47,6,1,28,77]
[5,63,96,74,49,31,73,91,8,1,61,72,73,99,70,28,18,6,82,76,26,42,89,76,23,42,6,47,71,77,87,88,16,85,59,81,79,19,89,34,91,73,45,14,92,68,23,31,25,31]
[77,70,37,71,35,23,72,35,60,63,82,98,61,88,57,67,88,8,94,94,49,82,89,33,26,41,37,41,70,89,13,24,20,3,9,53,61,76,7,57,53,95,94,49,34,85,1,70,14,64]
[77,82,1,62,89,17,53,4,99,51,39,46,82,83,20,13,92,8,39,77,9,39,61,23,64,41,29,62,45,67,14,35,51,84,39,26,3,2,13,20,50,49,53,11,5,49,56,66,97,83]
[96,5,4,76,66,86,40,76,1,99,70,24,28,94,46,24,49,5,92,3,17,92,46,7,22,87,38,71,30,78,59,62,87,92,16,36,46,15,62,57,13,83,86,64,16,13,14,20,51,3]
[5,82,77,40,55,41,76,88,64,50,54,48,36,49,2,4,89,12,93,68,87,34,42,85,44,83,19,94,54,79,8,71,83,5,91,18,78,4,6,93,53,74,44,9,5,70,88,3,49,8]
[62,54,55,97,56,54,16,74,8,63,54,3,36,86,89,54,40,88,88,44,74,40,14,81,95,95,48,85,11,37,23,36,30,22,29,64,19,41,81,60,8,24,60,95,70,72,65,89,79,24]
[6,93,18,32,76,56,2,59,81,2,51,24,24,61,23,51,43,94,84,5,8,92,35,62,60,45,59,7,74,85,44,9,10,47,41,70,99,56,9,58,68,78,96,94,91,24,24,4,64,43]
[42,66,90,98,31,16,68,68,43,10,7,9,6,34,84,89,61,11,35,99,62,16,70,56,47,5,61,14,59,9,49,88,78,78,99,4,16,98,13,10,10,44,63,69,86,68,3,20,18,61]
[5,94,87,94,25,48,70,57,90,36,89,8,75,65,83,7,78,33,86,77,74,93,15,87,86,87,67,8,72,75,44,54,49,2,57,9,42,78,14,41,47,41,2,38,16,87,99,82,10,78]
[83,10,18,88,15,1,33,55,35,87,36,58,41,26,52,50,45,94,13,98,45,19,48,42,40,80,59,3,31,75,33,80,39,64,61,84,88,63,67,29,85,20,54,24,38,37,1,13,97,27]
[16,7,72,10,80,77,41,30,29,83,49,22,13,17,96,28,2,14,71,46,55,40,23,84,90,88,28,48,4,72,34,98,72,14,45,53,92,35,36,13,52,15,44,39,65,40,74,36,6,52]
[45,41,39,32,63,71,72,79,56,66,4,23,47,25,45,14,16,58,75,66,68,45,95,37,82,30,93,74,31,48,26,62,55,75,1,49,45,97,41,18,71,51,83,53,63,84,87,35,21,53]
[87,60,51,77,19,88,45,61,83,88,29,53,72,93,16,31,64,97,3,5,54,30,61,12,75,9,71,34,27,91,15,29,88,53,57,57,36,57,7,98,47,11,46,15,24,7,93,11,56,51]
[3,28,45,63,14,30,40,50,67,56,58,13,1,8,54,39,25,48,75,58,4,15,69,51,79,98,54,92,48,44,98,23,56,50,53,19,34,84,30,55,83,60,14,50,20,33,55,68,8,55]
[48,44,33,84,95,3,38,19,91,45,75,18,84,48,97,21,35,2,16,82,74,5,99,12,30,29,25,13,48,97,24,92,43,4,90,24,57,6,40,35,84,72,62,57,66,23,93,88,23,50]
[64,76,81,46,44,5,86,15,31,4,41,77,60,49,3,62,28,6,66,59,21,64,17,18,79,28,7,24,85,59,19,40,89,43,86,4,63,35,96,75,12,64,61,38,9,79,96,57,64,51]
[17,16,17,90,60,53,47,93,31,54,56,83,23,24,6,68,70,89,4,5,8,67,67,23,86,52,99,28,23,83,75,72,48,76,97,68,38,4,14,32,62,76,60,15,91,67,94,75,82,25]
[29,61,81,66,64,28,69,85,16,80,56,68,7,47,59,81,27,25,18,23,71,34,57,91,29,13,24,25,63,25,13,17,28,63,15,20,56,28,14,45,30,55,35,55,5,41,37,75,64,2]
[50,72,69,26,98,30,86,14,27,13,18,4,79,45,12,28,83,95,97,54,73,7,68,67,75,20,36,18,51,13,71,68,81,50,87,26,76,52,28,86,99,80,70,46,39,3,50,37,27,24]
[22,6,16,72,49,56,91,26,13,23,36,19,74,57,17,26,44,31,67,62,51,68,33,49,49,62,14,87,25,25,25,54,34,15,10,48,34,29,85,73,28,83,35,80,45,57,62,42,99,80]
];

# jobs routes
jr = [
[OSSP]
[OSSP]
[OSSP]
[OSSP]
[OSSP]
[OSSP]
[OSSP]
[OSSP]
[OSSP]
[OSSP]
[OSSP]
[OSSP]
[OSSP]
[OSSP]
[OSSP]
[OSSP]
[OSSP]
[OSSP]
[OSSP]
[OSSP]
[OSSP]
[OSSP]
[OSSP]
[OSSP]
[OSSP]
[OSSP]
[OSSP]
[OSSP]
[OSSP]
[OSSP]
[OSSP]
[OSSP]
[OSSP]
[OSSP]
[OSSP]
[OSSP]
[OSSP]
[OSSP]
[OSSP]
[OSSP]
[OSSP]
[OSSP]
[OSSP]
[OSSP]
[OSSP]
[42, 26, 49, 3, 41, 2, 28, 7, 10, 31, 35, 17, 33, 45, 25, 16, 34, 18, 44, 13, 37, 46, 38, 29, 36, 6, 14, 9, 5, 43, 11, 22, 50, 40, 32, 23, 1, 8, 20, 12, 21, 24, 15, 27, 4, 19, 39, 47, 48, 30]
[39, 17, 2, 6, 40, 19, 33, 31, 15, 22, 32, 47, 23, 29, 8, 36, 14, 12, 43, 49, 41, 27, 48, 5, 30, 13, 16, 44, 38, 37, 26, 46, 25, 4, 11, 28, 21, 3, 20, 34, 24, 35, 10, 45, 1, 9, 18, 42, 50, 7]
[24, 18, 49, 30, 26, 16, 7, 9, 39, 31, 38, 8, 17, 22, 43, 37, 1, 48, 13, 47, 12, 25, 34, 35, 2, 10, 44, 29, 3, 15, 46, 21, 45, 42, 19, 11, 6, 40, 14, 33, 50, 36, 5, 23, 20, 4, 27, 41, 32, 28]
[34, 48, 33, 24, 27, 3, 29, 25, 28, 45, 20, 16, 46, 22, 13, 10, 41, 14, 6, 1, 26, 35, 30, 23, 9, 42, 15, 38, 36, 18, 4, 37, 5, 2, 39, 12, 47, 40, 50, 43, 17, 44, 7, 49, 19, 11, 8, 21, 32, 31]
[44, 12, 48, 20, 13, 3, 32, 4, 40, 24, 41, 10, 39, 8, 45, 6, 37, 21, 23, 38, 31, 7, 42, 49, 33, 2, 34, 16, 22, 11, 46, 30, 5, 9, 43, 27, 1, 35, 15, 50, 26, 28, 25, 17, 36, 29, 18, 19, 47, 14]
];