# INSTANCE PM MSSP_30x30_OSSP_JOBS_20_INST_08

Jobs = 30;
Machines = 30;

# machines in parallel
Capacity = [3,2,1,1,2,3,2,3,2,3,3,1,2,1,2,2,2,3,3,1,2,2,1,3,1,2,1,3,2,1];

# processing times
pt = [
[68, 34, 6, 16, 91, 48, 24, 2, 14, 5, 94, 6, 29, 63, 64, 98, 99, 82, 86, 83, 82, 93, 31, 42, 38, 69, 32, 20, 58, 3]
[33, 39, 83, 39, 83, 91, 38, 6, 16, 21, 78, 80, 72, 88, 18, 32, 90, 86, 51, 11, 84, 88, 16, 66, 68, 97, 10, 95, 68, 93]
[21, 71, 21, 34, 12, 34, 40, 96, 26, 4, 6, 1, 92, 28, 64, 43, 52, 35, 68, 45, 78, 21, 82, 39, 47, 47, 16, 47, 4, 79]
[40, 81, 58, 21, 69, 32, 37, 93, 87, 47, 51, 90, 73, 30, 31, 1, 89, 16, 72, 42, 63, 63, 39, 95, 91, 12, 94, 95, 35, 17]
[31, 75, 4, 86, 89, 31, 36, 56, 61, 78, 14, 98, 20, 18, 86, 34, 14, 43, 86, 93, 12, 96, 2, 91, 61, 9, 78, 83, 49, 19]
[42, 39, 9, 8, 36, 81, 9, 99, 71, 64, 11, 15, 69, 86, 37, 83, 13, 48, 40, 58, 52, 57, 32, 24, 94, 32, 84, 8, 54, 11]
[1, 24, 93, 18, 12, 24, 72, 20, 77, 77, 42, 62, 20, 84, 65, 2, 35, 99, 21, 48, 85, 67, 75, 89, 45, 97, 83, 26, 17, 90]
[14, 35, 3, 52, 79, 47, 49, 79, 64, 22, 87, 61, 23, 45, 64, 29, 92, 27, 80, 80, 55, 24, 9, 9, 15, 54, 39, 54, 6, 76]
[94, 3, 47, 73, 1, 25, 7, 91, 9, 17, 66, 87, 14, 54, 26, 20, 15, 41, 15, 90, 55, 73, 45, 15, 70, 85, 6, 28, 70, 45]
[56, 54, 22, 72, 69, 31, 10, 86, 75, 71, 5, 2, 3, 77, 68, 76, 38, 50, 53, 80, 31, 40, 32, 48, 32, 57, 35, 46, 5, 24]
[25, 80, 86, 70, 57, 88, 82, 14, 97, 88, 7, 31, 30, 28, 14, 96, 96, 93, 16, 26, 49, 27, 14, 69, 27, 10, 33, 18, 69, 99]
[76, 33, 13, 31, 58, 46, 15, 35, 98, 45, 4, 39, 83, 28, 44, 55, 19, 74, 31, 20, 77, 23, 18, 55, 67, 17, 75, 51, 70, 16]
[30, 2, 37, 22, 2, 19, 88, 76, 9, 34, 82, 87, 28, 23, 99, 88, 16, 60, 22, 46, 52, 61, 34, 6, 65, 83, 47, 53, 72, 26]
[9, 16, 63, 13, 82, 63, 28, 88, 76, 34, 99, 70, 10, 41, 55, 64, 59, 74, 21, 29, 33, 54, 75, 1, 80, 58, 70, 65, 32, 47]
[11, 96, 63, 79, 2, 82, 72, 34, 5, 9, 74, 13, 73, 95, 84, 10, 97, 86, 32, 30, 26, 6, 85, 65, 27, 57, 22, 40, 24, 54]
[90, 6, 61, 71, 95, 11, 16, 13, 44, 39, 60, 77, 27, 77, 83, 21, 27, 93, 65, 97, 31, 1, 32, 27, 84, 7, 10, 94, 86, 86]
[42, 69, 22, 58, 25, 37, 34, 69, 3, 48, 56, 24, 85, 60, 93, 3, 88, 43, 84, 93, 20, 62, 54, 17, 43, 18, 34, 70, 29, 97]
[17, 43, 36, 67, 93, 20, 30, 88, 53, 44, 77, 16, 84, 3, 46, 7, 20, 27, 24, 87, 49, 43, 34, 94, 21, 41, 66, 10, 2, 43]
[68, 74, 44, 2, 52, 51, 31, 49, 48, 12, 45, 25, 86, 86, 60, 91, 88, 66, 69, 33, 4, 63, 56, 82, 44, 95, 92, 26, 34, 32]
[80, 28, 87, 68, 66, 61, 1, 98, 43, 84, 56, 72, 52, 37, 21, 67, 45, 38, 47, 20, 46, 49, 30, 13, 36, 5, 86, 27, 9, 24]
[5, 40, 87, 84, 79, 18, 98, 75, 91, 87, 36, 58, 44, 20, 43, 54, 27, 44, 59, 3, 32, 91, 56, 69, 96, 17, 22, 55, 80, 22]
[59, 46, 25, 1, 53, 94, 43, 54, 48, 51, 87, 15, 62, 4, 94, 33, 27, 25, 87, 58, 86, 94, 84, 39, 88, 13, 52, 61, 32, 36]
[25, 49, 14, 7, 9, 51, 71, 48, 65, 69, 96, 32, 20, 78, 50, 19, 49, 94, 92, 24, 44, 47, 91, 46, 40, 95, 93, 82, 32, 26]
[36, 69, 52, 2, 70, 77, 76, 50, 26, 69, 49, 31, 53, 90, 36, 96, 64, 7, 34, 59, 86, 41, 72, 93, 98, 82, 51, 96, 98, 22]
[83, 80, 84, 79, 3, 19, 92, 16, 55, 18, 91, 6, 37, 18, 33, 65, 24, 82, 83, 12, 55, 40, 75, 8, 65, 99, 51, 25, 24, 97]
[88, 49, 34, 84, 80, 7, 24, 81, 11, 1, 40, 1, 6, 45, 31, 99, 52, 10, 8, 32, 35, 88, 25, 68, 33, 51, 88, 6, 98, 8]
[52, 24, 87, 71, 20, 22, 50, 98, 48, 84, 13, 21, 92, 64, 23, 55, 19, 24, 44, 36, 91, 76, 4, 38, 49, 67, 16, 33, 94, 37]
[97, 82, 92, 50, 92, 19, 85, 23, 87, 26, 99, 17, 56, 10, 2, 6, 73, 88, 59, 51, 27, 21, 81, 62, 67, 73, 91, 64, 16, 77]
[37, 42, 11, 14, 94, 36, 81, 68, 73, 50, 13, 98, 24, 47, 20, 40, 41, 57, 37, 78, 1, 31, 78, 11, 79, 55, 72, 56, 14, 1]
[87, 2, 26, 19, 25, 2, 44, 13, 67, 94, 66, 6, 1, 55, 19, 54, 42, 92, 57, 70, 47, 89, 89, 10, 12, 2, 10, 69, 3, 68]
];

# jobs routes
jr = [
[OSSP]
[OSSP]
[OSSP]
[OSSP]
[OSSP]
[OSSP]
[OSSP]
[OSSP]
[OSSP]
[OSSP]
[OSSP]
[OSSP]
[OSSP]
[OSSP]
[OSSP]
[OSSP]
[OSSP]
[OSSP]
[OSSP]
[OSSP]
[1, 13, 9, 7, 10, 6, 5, 17, 27, 20, 2, 26, 16, 15, 25, 30, 23, 19, 14, 28, 12, 4, 3, 24, 11, 18, 8, 29, 21, 22]
[28, 14, 11, 25, 17, 6, 12, 23, 20, 19, 8, 9, 22, 1, 3, 18, 10, 24, 29, 21, 2, 26, 7, 4, 16, 27, 13, 15, 5, 30]
[9, 26, 10, 3, 25, 7, 17, 1, 27, 29, 21, 11, 20, 18, 6, 19, 13, 28, 23, 16, 12, 8, 14, 15, 5, 4, 24, 22, 2, 30]
[4, 15, 26, 3, 25, 20, 30, 10, 17, 16, 9, 8, 24, 23, 7, 12, 2, 19, 14, 29, 5, 22, 21, 28, 11, 6, 27, 18, 1, 13]
[28, 1, 27, 2, 26, 14, 4, 11, 8, 16, 18, 24, 20, 25, 15, 12, 3, 19, 9, 21, 22, 10, 6, 29, 30, 5, 17, 13, 7, 23]
[7, 29, 16, 30, 26, 20, 22, 4, 15, 27, 9, 23, 18, 2, 25, 14, 24, 8, 5, 6, 19, 3, 11, 21, 1, 17, 13, 12, 10, 28]
[25, 21, 26, 12, 4, 22, 28, 15, 7, 3, 30, 24, 9, 10, 6, 11, 23, 20, 2, 29, 1, 13, 16, 17, 5, 18, 19, 27, 14, 8]
[3, 15, 28, 8, 11, 12, 25, 5, 18, 27, 9, 14, 30, 29, 2, 13, 21, 1, 6, 17, 20, 10, 16, 4, 23, 22, 24, 7, 26, 19]
[28, 27, 2, 15, 11, 13, 6, 18, 3, 8, 10, 24, 23, 19, 14, 1, 16, 4, 20, 9, 30, 17, 5, 29, 22, 21, 25, 12, 7, 26]
[26, 24, 9, 29, 2, 11, 12, 19, 15, 14, 22, 23, 3, 20, 1, 28, 13, 4, 10, 25, 16, 18, 8, 21, 27, 30, 5, 6, 17, 7]
];