# INSTANCE PM MSSP_30x30_OSSP_JOBS_5_INST_06

Jobs = 30;
Machines = 30;

# machines in parallel
Capacity = [3,2,1,1,2,3,2,3,2,3,3,1,2,1,2,2,2,3,3,1,2,2,1,3,1,2,1,3,2,1];

# processing times
pt = [
[16, 5, 31, 93, 39, 44, 65, 1, 24, 5, 79, 78, 93, 12, 10, 16, 58, 36, 31, 10, 33, 22, 7, 60, 70, 82, 29, 1, 14, 27]
[4, 87, 62, 90, 55, 87, 16, 92, 32, 24, 59, 42, 30, 25, 96, 76, 51, 6, 38, 22, 83, 69, 78, 33, 73, 48, 10, 55, 78, 30]
[30, 25, 18, 68, 93, 61, 18, 99, 98, 89, 61, 31, 82, 32, 92, 11, 90, 49, 79, 71, 12, 47, 67, 13, 5, 91, 36, 91, 48, 50]
[15, 11, 84, 62, 20, 20, 3, 70, 85, 71, 42, 78, 71, 27, 31, 8, 9, 13, 18, 87, 33, 98, 34, 38, 77, 10, 27, 29, 88, 10]
[32, 10, 96, 98, 64, 5, 78, 11, 62, 63, 56, 33, 58, 56, 84, 1, 90, 59, 24, 40, 60, 32, 5, 55, 5, 29, 95, 46, 12, 71]
[53, 65, 86, 16, 76, 39, 92, 99, 76, 10, 4, 45, 94, 24, 18, 45, 49, 6, 39, 99, 23, 43, 23, 34, 20, 56, 13, 80, 21, 49]
[5, 45, 28, 40, 3, 40, 4, 15, 6, 32, 67, 97, 96, 59, 63, 98, 5, 64, 1, 79, 84, 18, 42, 93, 34, 34, 34, 39, 67, 3]
[93, 53, 97, 45, 17, 88, 96, 94, 2, 42, 14, 86, 28, 25, 63, 91, 83, 33, 50, 96, 40, 25, 43, 72, 97, 49, 95, 48, 23, 6]
[39, 48, 22, 71, 93, 11, 77, 3, 86, 50, 42, 93, 60, 19, 53, 31, 84, 45, 9, 11, 94, 36, 31, 71, 68, 95, 96, 32, 11, 7]
[68, 28, 21, 24, 98, 96, 3, 87, 17, 90, 23, 10, 86, 68, 28, 67, 56, 70, 73, 90, 18, 55, 53, 49, 2, 20, 39, 73, 47, 25]
[32, 83, 88, 86, 88, 97, 44, 20, 80, 17, 5, 17, 8, 90, 36, 44, 3, 43, 77, 2, 82, 9, 18, 46, 97, 54, 61, 17, 44, 66]
[72, 18, 48, 79, 27, 59, 11, 2, 26, 88, 15, 24, 34, 5, 23, 93, 50, 75, 65, 36, 17, 86, 61, 73, 31, 25, 62, 94, 73, 46]
[2, 6, 88, 18, 66, 71, 27, 12, 25, 90, 26, 5, 82, 65, 98, 20, 13, 87, 6, 83, 75, 22, 65, 99, 4, 53, 34, 70, 57, 92]
[49, 46, 67, 50, 25, 31, 88, 53, 57, 69, 31, 22, 23, 16, 81, 41, 1, 30, 49, 45, 83, 95, 32, 68, 26, 69, 66, 14, 41, 82]
[58, 91, 23, 76, 58, 80, 69, 96, 49, 9, 6, 50, 53, 87, 38, 47, 49, 30, 61, 8, 6, 36, 6, 5, 9, 32, 69, 32, 13, 25]
[81, 61, 10, 98, 66, 76, 98, 50, 88, 37, 1, 70, 10, 93, 64, 64, 21, 70, 14, 48, 40, 2, 34, 54, 84, 44, 6, 5, 70, 29]
[85, 52, 38, 48, 83, 90, 65, 67, 59, 90, 23, 3, 12, 39, 47, 60, 42, 52, 27, 24, 30, 92, 76, 22, 38, 88, 85, 56, 3, 30]
[73, 80, 87, 28, 14, 21, 16, 61, 3, 13, 99, 12, 94, 13, 93, 87, 51, 25, 19, 90, 73, 73, 21, 28, 98, 68, 30, 4, 34, 16]
[68, 49, 72, 49, 89, 68, 78, 51, 91, 73, 56, 73, 39, 42, 90, 75, 40, 54, 6, 1, 18, 27, 31, 36, 54, 88, 45, 12, 3, 87]
[98, 38, 39, 3, 8, 34, 50, 98, 85, 53, 89, 94, 86, 90, 24, 22, 77, 27, 34, 16, 1, 59, 55, 43, 20, 14, 81, 69, 66, 96]
[45, 76, 50, 18, 64, 60, 37, 90, 33, 60, 72, 52, 21, 37, 43, 49, 98, 34, 10, 37, 60, 55, 89, 31, 82, 87, 23, 12, 9, 81]
[60, 64, 47, 82, 70, 61, 50, 42, 1, 39, 31, 84, 8, 13, 22, 30, 8, 4, 91, 26, 38, 66, 49, 45, 54, 86, 32, 54, 61, 34]
[17, 10, 72, 9, 70, 43, 52, 44, 54, 50, 44, 34, 34, 25, 19, 65, 94, 19, 14, 2, 94, 46, 92, 39, 12, 70, 69, 31, 8, 12]
[96, 51, 29, 34, 40, 67, 96, 68, 63, 28, 1, 41, 92, 79, 68, 86, 66, 19, 51, 45, 34, 2, 52, 95, 96, 50, 12, 65, 9, 85]
[18, 51, 80, 44, 52, 50, 63, 36, 21, 30, 8, 29, 28, 29, 21, 34, 94, 64, 78, 41, 14, 26, 6, 38, 19, 88, 8, 96, 83, 92]
[12, 54, 91, 41, 47, 90, 45, 21, 76, 56, 84, 99, 38, 98, 57, 56, 64, 91, 39, 33, 79, 85, 96, 7, 34, 23, 48, 57, 23, 61]
[51, 18, 22, 21, 73, 46, 13, 40, 20, 21, 75, 24, 85, 83, 33, 95, 10, 78, 99, 93, 82, 66, 36, 8, 21, 36, 42, 60, 32, 74]
[44, 94, 17, 95, 83, 13, 86, 8, 12, 35, 35, 77, 3, 99, 95, 7, 66, 98, 29, 51, 22, 71, 26, 66, 43, 39, 98, 81, 76, 10]
[91, 70, 28, 89, 60, 25, 2, 19, 59, 47, 23, 2, 83, 68, 63, 96, 7, 51, 66, 46, 76, 35, 32, 91, 55, 20, 46, 75, 87, 71]
[71, 95, 59, 8, 31, 76, 16, 4, 50, 40, 16, 48, 4, 64, 20, 68, 52, 99, 12, 79, 87, 37, 27, 79, 83, 24, 10, 82, 27, 47]
];

# jobs routes
jr = [
[OSSP]
[OSSP]
[OSSP]
[OSSP]
[OSSP]
[4, 2, 20, 19, 1, 7, 14, 23, 22, 15, 8, 29, 26, 25, 17, 27, 6, 16, 5, 9, 21, 18, 13, 11, 28, 24, 10, 30, 3, 12]
[8, 2, 14, 15, 18, 11, 28, 10, 19, 5, 7, 1, 13, 23, 25, 24, 16, 9, 4, 3, 30, 17, 12, 20, 21, 22, 26, 6, 29, 27]
[14, 9, 10, 8, 1, 27, 6, 25, 3, 4, 2, 18, 13, 23, 12, 17, 30, 15, 28, 21, 24, 7, 29, 16, 20, 19, 11, 22, 5, 26]
[24, 18, 17, 9, 5, 7, 19, 4, 22, 29, 26, 21, 1, 30, 28, 27, 6, 10, 25, 3, 12, 16, 20, 8, 23, 14, 2, 13, 11, 15]
[8, 20, 6, 14, 19, 28, 22, 27, 9, 7, 4, 15, 1, 21, 17, 25, 26, 5, 3, 11, 23, 13, 10, 24, 30, 29, 2, 12, 18, 16]
[26, 13, 3, 28, 8, 29, 7, 10, 24, 1, 15, 27, 16, 14, 17, 25, 20, 23, 21, 30, 11, 22, 6, 9, 19, 5, 2, 18, 4, 12]
[8, 3, 21, 4, 24, 26, 25, 19, 2, 16, 30, 27, 15, 28, 23, 14, 18, 5, 20, 11, 29, 10, 9, 13, 7, 22, 12, 1, 17, 6]
[16, 12, 14, 13, 26, 22, 9, 5, 17, 27, 8, 21, 25, 2, 6, 24, 19, 28, 23, 15, 10, 30, 18, 29, 11, 3, 1, 4, 20, 7]
[8, 9, 16, 2, 4, 12, 11, 10, 7, 30, 17, 22, 5, 24, 15, 18, 14, 21, 23, 27, 28, 13, 19, 1, 3, 6, 25, 20, 29, 26]
[24, 14, 17, 13, 20, 25, 21, 23, 30, 9, 19, 6, 10, 12, 1, 4, 11, 5, 28, 15, 16, 22, 26, 7, 3, 18, 8, 2, 29, 27]
[16, 1, 18, 24, 21, 3, 30, 12, 29, 13, 19, 26, 8, 20, 4, 11, 2, 5, 10, 22, 14, 15, 23, 27, 9, 28, 6, 17, 25, 7]
[14, 26, 3, 22, 19, 17, 6, 7, 29, 28, 18, 9, 10, 1, 27, 11, 8, 20, 23, 30, 12, 25, 5, 4, 21, 16, 13, 24, 15, 2]
[7, 21, 20, 15, 18, 5, 14, 29, 26, 27, 30, 12, 10, 8, 4, 6, 11, 25, 9, 28, 23, 2, 16, 22, 3, 13, 24, 17, 19, 1]
[23, 5, 26, 8, 7, 15, 1, 22, 12, 24, 20, 14, 9, 30, 3, 13, 10, 29, 4, 19, 28, 17, 16, 25, 6, 27, 21, 18, 11, 2]
[13, 11, 9, 17, 14, 5, 16, 28, 22, 12, 29, 15, 24, 6, 25, 23, 1, 20, 30, 7, 4, 19, 26, 21, 10, 2, 8, 18, 27, 3]
[1, 13, 9, 7, 10, 6, 5, 17, 27, 20, 2, 26, 16, 15, 25, 30, 23, 19, 14, 28, 12, 4, 3, 24, 11, 18, 8, 29, 21, 22]
[28, 14, 11, 25, 17, 6, 12, 23, 20, 19, 8, 9, 22, 1, 3, 18, 10, 24, 29, 21, 2, 26, 7, 4, 16, 27, 13, 15, 5, 30]
[9, 26, 10, 3, 25, 7, 17, 1, 27, 29, 21, 11, 20, 18, 6, 19, 13, 28, 23, 16, 12, 8, 14, 15, 5, 4, 24, 22, 2, 30]
[4, 15, 26, 3, 25, 20, 30, 10, 17, 16, 9, 8, 24, 23, 7, 12, 2, 19, 14, 29, 5, 22, 21, 28, 11, 6, 27, 18, 1, 13]
[28, 1, 27, 2, 26, 14, 4, 11, 8, 16, 18, 24, 20, 25, 15, 12, 3, 19, 9, 21, 22, 10, 6, 29, 30, 5, 17, 13, 7, 23]
[7, 29, 16, 30, 26, 20, 22, 4, 15, 27, 9, 23, 18, 2, 25, 14, 24, 8, 5, 6, 19, 3, 11, 21, 1, 17, 13, 12, 10, 28]
[25, 21, 26, 12, 4, 22, 28, 15, 7, 3, 30, 24, 9, 10, 6, 11, 23, 20, 2, 29, 1, 13, 16, 17, 5, 18, 19, 27, 14, 8]
[3, 15, 28, 8, 11, 12, 25, 5, 18, 27, 9, 14, 30, 29, 2, 13, 21, 1, 6, 17, 20, 10, 16, 4, 23, 22, 24, 7, 26, 19]
[28, 27, 2, 15, 11, 13, 6, 18, 3, 8, 10, 24, 23, 19, 14, 1, 16, 4, 20, 9, 30, 17, 5, 29, 22, 21, 25, 12, 7, 26]
[26, 24, 9, 29, 2, 11, 12, 19, 15, 14, 22, 23, 3, 20, 1, 28, 13, 4, 10, 25, 16, 18, 8, 21, 27, 30, 5, 6, 17, 7]
];