# INSTANCE PM MSSP_30x30_OSSP_JOBS_10_INST_07

Jobs = 30;
Machines = 30;

# machines in parallel
Capacity = [3,2,1,1,2,3,2,3,2,3,3,1,2,1,2,2,2,3,3,1,2,2,1,3,1,2,1,3,2,1];

# processing times
pt = [
[18, 98, 71, 99, 58, 80, 92, 94, 14, 41, 72, 43, 65, 8, 44, 43, 43, 77, 50, 69, 10, 43, 83, 35, 16, 54, 70, 64, 3, 39]
[16, 27, 49, 97, 40, 75, 3, 72, 72, 30, 37, 56, 85, 83, 35, 9, 71, 3, 97, 38, 25, 97, 18, 36, 3, 41, 31, 43, 93, 7]
[87, 25, 91, 86, 78, 40, 91, 2, 12, 42, 19, 44, 94, 28, 2, 65, 58, 91, 50, 5, 94, 65, 70, 61, 69, 8, 85, 35, 33, 19]
[23, 41, 54, 45, 41, 54, 30, 39, 45, 88, 48, 88, 81, 40, 78, 71, 14, 57, 91, 67, 20, 51, 33, 51, 14, 6, 38, 26, 38, 64]
[37, 13, 95, 20, 28, 46, 85, 97, 6, 79, 53, 74, 79, 4, 12, 29, 95, 93, 21, 28, 40, 90, 27, 16, 62, 9, 20, 93, 31, 66]
[86, 95, 37, 85, 37, 85, 18, 94, 98, 7, 94, 77, 69, 22, 67, 16, 5, 12, 71, 91, 82, 60, 62, 83, 25, 16, 97, 78, 53, 73]
[12, 48, 74, 22, 8, 49, 26, 16, 50, 67, 18, 83, 71, 19, 58, 35, 24, 19, 81, 25, 70, 76, 58, 92, 19, 3, 50, 94, 15, 90]
[17, 13, 67, 25, 44, 94, 5, 30, 88, 22, 77, 99, 28, 91, 63, 12, 18, 38, 91, 27, 9, 57, 29, 86, 7, 41, 7, 5, 99, 39]
[28, 5, 47, 30, 19, 81, 23, 52, 26, 53, 56, 96, 84, 10, 51, 27, 53, 83, 94, 7, 6, 35, 17, 65, 53, 34, 67, 53, 34, 78]
[34, 70, 65, 13, 70, 36, 9, 78, 25, 66, 43, 4, 94, 28, 34, 9, 40, 73, 33, 14, 59, 36, 44, 45, 74, 70, 15, 21, 70, 89]
[10, 46, 94, 3, 71, 3, 79, 99, 3, 44, 24, 69, 72, 8, 44, 98, 88, 27, 78, 79, 92, 18, 24, 93, 48, 34, 82, 61, 47, 1]
[87, 63, 78, 75, 28, 8, 47, 73, 89, 26, 63, 53, 60, 20, 92, 47, 85, 27, 16, 19, 2, 70, 51, 29, 85, 66, 97, 28, 45, 11]
[94, 28, 58, 74, 11, 18, 52, 88, 25, 11, 49, 17, 46, 39, 61, 37, 91, 72, 76, 12, 95, 12, 1, 48, 21, 50, 6, 71, 20, 35]
[80, 87, 19, 29, 81, 66, 64, 72, 73, 65, 27, 42, 4, 49, 88, 65, 22, 54, 14, 88, 53, 50, 85, 79, 38, 85, 14, 43, 89, 82]
[45, 80, 87, 38, 23, 95, 49, 81, 21, 29, 77, 24, 26, 17, 99, 66, 56, 47, 77, 62, 5, 76, 27, 48, 6, 97, 4, 17, 69, 8]
[76, 24, 54, 16, 35, 90, 33, 26, 14, 58, 60, 83, 3, 14, 30, 13, 5, 58, 29, 67, 25, 60, 54, 79, 31, 51, 27, 54, 13, 84]
[81, 23, 59, 85, 24, 55, 98, 22, 19, 13, 34, 44, 62, 34, 47, 78, 29, 53, 71, 13, 78, 62, 60, 61, 96, 14, 74, 46, 69, 15]
[80, 95, 30, 70, 78, 48, 8, 33, 67, 55, 4, 53, 99, 27, 62, 11, 97, 71, 88, 96, 7, 25, 34, 97, 19, 48, 90, 72, 33, 70]
[48, 36, 97, 4, 54, 27, 45, 29, 43, 1, 80, 22, 89, 24, 54, 85, 87, 11, 79, 86, 58, 53, 93, 45, 72, 26, 27, 22, 96, 70]
[88, 83, 13, 97, 58, 79, 50, 34, 40, 52, 96, 32, 47, 28, 4, 67, 53, 40, 7, 12, 39, 65, 1, 34, 23, 15, 97, 42, 30, 23]
[79, 15, 25, 93, 84, 47, 72, 13, 21, 50, 4, 29, 86, 27, 25, 16, 25, 30, 43, 71, 28, 20, 48, 70, 24, 83, 49, 3, 12, 67]
[36, 12, 1, 77, 98, 41, 55, 8, 84, 74, 16, 51, 47, 57, 53, 11, 58, 67, 45, 49, 99, 82, 3, 98, 28, 65, 29, 57, 11, 56]
[91, 7, 86, 39, 30, 56, 37, 48, 32, 48, 17, 11, 93, 93, 24, 75, 84, 33, 78, 75, 51, 92, 77, 2, 62, 40, 80, 4, 38, 6]
[88, 51, 10, 72, 55, 33, 99, 35, 11, 3, 62, 73, 37, 65, 26, 48, 18, 32, 6, 51, 65, 19, 73, 34, 18, 43, 13, 64, 88, 96]
[42, 64, 22, 31, 2, 41, 44, 7, 57, 37, 59, 81, 29, 21, 70, 77, 87, 7, 60, 68, 39, 34, 6, 19, 82, 2, 13, 47, 21, 30]
[78, 80, 4, 34, 75, 14, 85, 58, 72, 83, 54, 95, 50, 62, 18, 8, 95, 52, 21, 8, 34, 75, 58, 93, 56, 99, 33, 25, 30, 7]
[25, 8, 68, 34, 20, 47, 28, 47, 34, 67, 75, 25, 86, 31, 80, 27, 53, 83, 9, 13, 13, 84, 39, 36, 87, 23, 64, 93, 35, 44]
[7, 75, 73, 99, 99, 81, 40, 39, 29, 91, 97, 33, 65, 37, 24, 27, 14, 63, 42, 3, 12, 47, 14, 16, 69, 33, 47, 69, 53, 63]
[15, 96, 97, 49, 23, 28, 6, 84, 86, 26, 81, 47, 75, 55, 64, 27, 70, 51, 45, 63, 58, 61, 28, 54, 46, 62, 64, 91, 21, 60]
[97, 67, 47, 16, 8, 76, 38, 11, 18, 71, 65, 18, 74, 31, 29, 76, 51, 11, 57, 65, 26, 19, 14, 10, 52, 20, 87, 5, 40, 51]
];

# jobs routes
jr = [
[OSSP]
[OSSP]
[OSSP]
[OSSP]
[OSSP]
[OSSP]
[OSSP]
[OSSP]
[OSSP]
[OSSP]
[26, 13, 3, 28, 8, 29, 7, 10, 24, 1, 15, 27, 16, 14, 17, 25, 20, 23, 21, 30, 11, 22, 6, 9, 19, 5, 2, 18, 4, 12]
[8, 3, 21, 4, 24, 26, 25, 19, 2, 16, 30, 27, 15, 28, 23, 14, 18, 5, 20, 11, 29, 10, 9, 13, 7, 22, 12, 1, 17, 6]
[16, 12, 14, 13, 26, 22, 9, 5, 17, 27, 8, 21, 25, 2, 6, 24, 19, 28, 23, 15, 10, 30, 18, 29, 11, 3, 1, 4, 20, 7]
[8, 9, 16, 2, 4, 12, 11, 10, 7, 30, 17, 22, 5, 24, 15, 18, 14, 21, 23, 27, 28, 13, 19, 1, 3, 6, 25, 20, 29, 26]
[24, 14, 17, 13, 20, 25, 21, 23, 30, 9, 19, 6, 10, 12, 1, 4, 11, 5, 28, 15, 16, 22, 26, 7, 3, 18, 8, 2, 29, 27]
[16, 1, 18, 24, 21, 3, 30, 12, 29, 13, 19, 26, 8, 20, 4, 11, 2, 5, 10, 22, 14, 15, 23, 27, 9, 28, 6, 17, 25, 7]
[14, 26, 3, 22, 19, 17, 6, 7, 29, 28, 18, 9, 10, 1, 27, 11, 8, 20, 23, 30, 12, 25, 5, 4, 21, 16, 13, 24, 15, 2]
[7, 21, 20, 15, 18, 5, 14, 29, 26, 27, 30, 12, 10, 8, 4, 6, 11, 25, 9, 28, 23, 2, 16, 22, 3, 13, 24, 17, 19, 1]
[23, 5, 26, 8, 7, 15, 1, 22, 12, 24, 20, 14, 9, 30, 3, 13, 10, 29, 4, 19, 28, 17, 16, 25, 6, 27, 21, 18, 11, 2]
[13, 11, 9, 17, 14, 5, 16, 28, 22, 12, 29, 15, 24, 6, 25, 23, 1, 20, 30, 7, 4, 19, 26, 21, 10, 2, 8, 18, 27, 3]
[1, 13, 9, 7, 10, 6, 5, 17, 27, 20, 2, 26, 16, 15, 25, 30, 23, 19, 14, 28, 12, 4, 3, 24, 11, 18, 8, 29, 21, 22]
[28, 14, 11, 25, 17, 6, 12, 23, 20, 19, 8, 9, 22, 1, 3, 18, 10, 24, 29, 21, 2, 26, 7, 4, 16, 27, 13, 15, 5, 30]
[9, 26, 10, 3, 25, 7, 17, 1, 27, 29, 21, 11, 20, 18, 6, 19, 13, 28, 23, 16, 12, 8, 14, 15, 5, 4, 24, 22, 2, 30]
[4, 15, 26, 3, 25, 20, 30, 10, 17, 16, 9, 8, 24, 23, 7, 12, 2, 19, 14, 29, 5, 22, 21, 28, 11, 6, 27, 18, 1, 13]
[28, 1, 27, 2, 26, 14, 4, 11, 8, 16, 18, 24, 20, 25, 15, 12, 3, 19, 9, 21, 22, 10, 6, 29, 30, 5, 17, 13, 7, 23]
[7, 29, 16, 30, 26, 20, 22, 4, 15, 27, 9, 23, 18, 2, 25, 14, 24, 8, 5, 6, 19, 3, 11, 21, 1, 17, 13, 12, 10, 28]
[25, 21, 26, 12, 4, 22, 28, 15, 7, 3, 30, 24, 9, 10, 6, 11, 23, 20, 2, 29, 1, 13, 16, 17, 5, 18, 19, 27, 14, 8]
[3, 15, 28, 8, 11, 12, 25, 5, 18, 27, 9, 14, 30, 29, 2, 13, 21, 1, 6, 17, 20, 10, 16, 4, 23, 22, 24, 7, 26, 19]
[28, 27, 2, 15, 11, 13, 6, 18, 3, 8, 10, 24, 23, 19, 14, 1, 16, 4, 20, 9, 30, 17, 5, 29, 22, 21, 25, 12, 7, 26]
[26, 24, 9, 29, 2, 11, 12, 19, 15, 14, 22, 23, 3, 20, 1, 28, 13, 4, 10, 25, 16, 18, 8, 21, 27, 30, 5, 6, 17, 7]
];