# INSTANCE PM MSSP_30x30_OSSP_JOBS_20_INST_04

Jobs = 30;
Machines = 30;

# machines in parallel
Capacity = [3,2,1,1,2,3,2,3,2,3,3,1,2,1,2,2,2,3,3,1,2,2,1,3,1,2,1,3,2,1];

# processing times
pt = [
[23, 78, 9, 55, 27, 80, 52, 93, 57, 54, 10, 90, 69, 48, 8, 67, 84, 61, 98, 84, 84, 26, 53, 72, 44, 77, 68, 33, 62, 56]
[5, 15, 50, 10, 64, 88, 93, 23, 91, 58, 75, 24, 97, 29, 6, 45, 50, 6, 9, 48, 38, 4, 71, 68, 91, 60, 74, 76, 7, 71]
[33, 94, 63, 42, 52, 49, 79, 31, 15, 94, 99, 58, 3, 82, 54, 38, 3, 56, 87, 86, 8, 91, 83, 60, 70, 41, 56, 79, 87, 11]
[1, 73, 2, 51, 62, 42, 29, 67, 37, 10, 24, 46, 69, 50, 98, 23, 82, 85, 77, 82, 72, 70, 78, 15, 20, 67, 47, 34, 3, 83]
[76, 17, 79, 40, 10, 74, 82, 67, 80, 65, 89, 92, 28, 70, 96, 77, 46, 52, 71, 73, 44, 21, 45, 99, 61, 82, 2, 85, 54, 47]
[58, 25, 20, 13, 18, 38, 60, 76, 9, 21, 9, 55, 20, 14, 76, 64, 12, 12, 40, 53, 2, 48, 36, 27, 17, 50, 59, 46, 21, 45]
[15, 24, 59, 65, 77, 31, 31, 57, 56, 37, 11, 85, 74, 44, 37, 78, 34, 30, 50, 74, 53, 76, 16, 89, 64, 58, 24, 70, 43, 19]
[57, 52, 5, 88, 85, 42, 79, 94, 19, 1, 89, 16, 6, 24, 79, 26, 92, 26, 54, 69, 84, 80, 50, 6, 13, 18, 71, 28, 47, 10]
[24, 90, 30, 76, 56, 63, 55, 52, 16, 77, 32, 45, 33, 37, 3, 50, 90, 51, 63, 76, 85, 81, 26, 19, 11, 12, 1, 96, 37, 24]
[84, 46, 83, 28, 53, 80, 59, 52, 57, 22, 61, 48, 70, 81, 20, 6, 93, 20, 51, 5, 89, 76, 63, 52, 81, 27, 66, 80, 78, 71]
[75, 76, 91, 71, 41, 77, 75, 27, 68, 23, 4, 33, 34, 57, 4, 62, 75, 7, 17, 72, 53, 17, 19, 93, 89, 58, 66, 98, 60, 91]
[12, 21, 72, 92, 83, 29, 95, 21, 38, 46, 26, 53, 61, 20, 61, 73, 17, 38, 69, 33, 51, 88, 38, 57, 46, 4, 90, 79, 2, 29]
[48, 36, 84, 64, 52, 81, 81, 23, 25, 35, 21, 12, 82, 30, 66, 9, 20, 20, 85, 35, 72, 20, 36, 98, 35, 73, 66, 60, 55, 21]
[5, 92, 99, 50, 51, 70, 77, 30, 36, 58, 2, 13, 84, 87, 6, 84, 5, 57, 56, 68, 62, 53, 6, 76, 39, 3, 36, 19, 87, 62]
[95, 87, 75, 30, 2, 63, 15, 62, 71, 89, 19, 26, 96, 99, 72, 58, 3, 15, 37, 76, 5, 63, 26, 19, 9, 53, 78, 48, 14, 68]
[33, 67, 62, 91, 52, 26, 3, 72, 19, 4, 88, 45, 64, 64, 58, 63, 3, 61, 14, 25, 37, 16, 8, 76, 82, 78, 65, 73, 94, 30]
[66, 91, 64, 75, 91, 51, 96, 93, 99, 26, 54, 89, 72, 5, 78, 1, 33, 65, 96, 90, 59, 24, 66, 35, 40, 57, 67, 48, 73, 9]
[11, 69, 68, 62, 70, 2, 57, 54, 57, 5, 14, 16, 45, 80, 94, 88, 3, 65, 20, 71, 53, 83, 16, 86, 63, 38, 58, 89, 21, 98]
[17, 19, 11, 87, 20, 43, 61, 69, 63, 32, 15, 61, 70, 51, 33, 21, 28, 78, 53, 21, 32, 22, 40, 24, 37, 23, 60, 23, 98, 33]
[20, 41, 61, 93, 44, 60, 98, 11, 89, 62, 26, 88, 19, 43, 68, 41, 43, 97, 26, 78, 63, 10, 36, 70, 9, 81, 68, 14, 35, 5]
[63, 41, 46, 76, 23, 78, 66, 44, 3, 82, 83, 42, 91, 49, 29, 20, 91, 7, 71, 62, 88, 4, 17, 12, 15, 46, 52, 44, 25, 27]
[77, 46, 82, 1, 65, 62, 45, 35, 57, 93, 69, 58, 51, 68, 61, 95, 47, 17, 67, 96, 47, 49, 90, 56, 4, 29, 50, 14, 48, 73]
[32, 8, 12, 89, 98, 72, 84, 10, 65, 27, 3, 38, 85, 97, 46, 39, 46, 1, 39, 98, 3, 17, 92, 76, 73, 38, 48, 76, 61, 62]
[81, 54, 41, 18, 88, 45, 13, 97, 78, 2, 6, 47, 88, 95, 76, 74, 98, 79, 46, 12, 90, 56, 56, 90, 12, 36, 18, 42, 70, 64]
[38, 66, 84, 85, 4, 71, 42, 9, 47, 14, 97, 54, 7, 70, 91, 57, 72, 34, 98, 27, 4, 22, 37, 13, 7, 56, 82, 31, 39, 25]
[93, 71, 44, 91, 64, 59, 84, 20, 75, 52, 63, 98, 72, 28, 3, 78, 74, 86, 76, 36, 37, 49, 87, 42, 89, 73, 59, 61, 2, 77]
[62, 8, 24, 75, 76, 82, 44, 81, 39, 92, 41, 69, 86, 48, 41, 43, 25, 76, 18, 54, 90, 97, 52, 22, 82, 86, 30, 67, 94, 18]
[29, 90, 20, 16, 34, 27, 75, 12, 44, 62, 92, 13, 78, 24, 80, 64, 30, 53, 40, 69, 33, 60, 45, 75, 9, 59, 37, 49, 81, 90]
[1, 10, 78, 63, 14, 59, 81, 9, 31, 59, 29, 83, 24, 22, 25, 40, 7, 98, 26, 22, 51, 62, 58, 36, 28, 35, 1, 63, 61, 92]
[77, 73, 47, 97, 41, 59, 77, 80, 99, 4, 56, 32, 68, 31, 12, 49, 20, 35, 9, 59, 72, 47, 52, 15, 20, 70, 91, 3, 16, 85]
];

# jobs routes
jr = [
[OSSP]
[OSSP]
[OSSP]
[OSSP]
[OSSP]
[OSSP]
[OSSP]
[OSSP]
[OSSP]
[OSSP]
[OSSP]
[OSSP]
[OSSP]
[OSSP]
[OSSP]
[OSSP]
[OSSP]
[OSSP]
[OSSP]
[OSSP]
[1, 13, 9, 7, 10, 6, 5, 17, 27, 20, 2, 26, 16, 15, 25, 30, 23, 19, 14, 28, 12, 4, 3, 24, 11, 18, 8, 29, 21, 22]
[28, 14, 11, 25, 17, 6, 12, 23, 20, 19, 8, 9, 22, 1, 3, 18, 10, 24, 29, 21, 2, 26, 7, 4, 16, 27, 13, 15, 5, 30]
[9, 26, 10, 3, 25, 7, 17, 1, 27, 29, 21, 11, 20, 18, 6, 19, 13, 28, 23, 16, 12, 8, 14, 15, 5, 4, 24, 22, 2, 30]
[4, 15, 26, 3, 25, 20, 30, 10, 17, 16, 9, 8, 24, 23, 7, 12, 2, 19, 14, 29, 5, 22, 21, 28, 11, 6, 27, 18, 1, 13]
[28, 1, 27, 2, 26, 14, 4, 11, 8, 16, 18, 24, 20, 25, 15, 12, 3, 19, 9, 21, 22, 10, 6, 29, 30, 5, 17, 13, 7, 23]
[7, 29, 16, 30, 26, 20, 22, 4, 15, 27, 9, 23, 18, 2, 25, 14, 24, 8, 5, 6, 19, 3, 11, 21, 1, 17, 13, 12, 10, 28]
[25, 21, 26, 12, 4, 22, 28, 15, 7, 3, 30, 24, 9, 10, 6, 11, 23, 20, 2, 29, 1, 13, 16, 17, 5, 18, 19, 27, 14, 8]
[3, 15, 28, 8, 11, 12, 25, 5, 18, 27, 9, 14, 30, 29, 2, 13, 21, 1, 6, 17, 20, 10, 16, 4, 23, 22, 24, 7, 26, 19]
[28, 27, 2, 15, 11, 13, 6, 18, 3, 8, 10, 24, 23, 19, 14, 1, 16, 4, 20, 9, 30, 17, 5, 29, 22, 21, 25, 12, 7, 26]
[26, 24, 9, 29, 2, 11, 12, 19, 15, 14, 22, 23, 3, 20, 1, 28, 13, 4, 10, 25, 16, 18, 8, 21, 27, 30, 5, 6, 17, 7]
];