# INSTANCE PM MSSP_50x50_OSSP_JOBS_15_INST_05

Jobs = 50;
Machines = 50;

# machines in parallel
Capacity = [3,3,2,3,3,3,2,2,2,2,2,1,2,1,1,3,3,2,2,2,1,3,2,3,1,2,3,1,3,1,1,3,1,1,3,1,2,3,1,1,2,2,3,1,3,2,2,2,1,1];

# processing times
pt = [
[83,8,55,8,34,10,3,87,1,90,44,73,33,35,91,37,91,82,64,80,98,13,79,26,76,19,41,83,52,13,33,47,20,89,85,46,82,25,88,45,28,31,43,76,53,26,47,62,87,35]
[43,62,24,11,83,11,39,70,8,40,37,5,38,75,40,68,27,3,35,4,57,92,19,98,72,98,87,95,36,51,44,92,82,32,29,75,30,74,15,16,50,44,19,81,83,62,60,42,74,27]
[76,73,32,59,32,27,17,32,1,40,77,36,45,80,69,21,53,11,56,17,79,14,96,94,56,28,98,53,3,21,79,64,42,95,69,77,12,28,6,87,56,72,38,24,73,30,20,55,17,52]
[68,69,8,8,24,39,51,93,92,75,84,82,83,35,60,39,66,89,3,61,71,31,26,64,21,31,55,55,33,86,56,5,11,65,29,34,54,5,1,57,53,34,84,27,95,19,25,79,37,10]
[64,50,82,94,9,30,76,57,67,6,70,42,92,19,73,41,98,46,31,91,26,98,16,96,48,92,70,3,28,40,63,19,76,25,33,68,19,69,4,20,31,98,64,7,27,65,6,56,47,89]
[81,6,34,26,3,79,95,26,36,21,52,40,55,35,89,2,61,15,16,34,8,98,20,48,12,17,45,35,20,7,80,63,65,5,62,62,36,45,30,67,14,76,52,22,67,44,36,90,27,50]
[44,73,67,14,1,10,44,51,54,28,34,73,33,26,29,63,24,8,23,80,91,86,65,61,71,88,71,64,26,12,87,95,9,79,88,47,32,83,72,86,43,66,8,40,67,15,77,54,85,2]
[43,64,29,88,63,1,60,57,27,18,67,93,48,10,4,89,74,75,40,99,47,24,26,62,23,55,79,95,45,79,18,49,6,38,23,70,80,84,77,4,29,58,94,77,93,77,74,54,23,73]
[4,20,89,27,31,16,63,20,72,26,44,5,27,13,86,17,89,35,63,47,2,73,26,57,3,55,10,61,62,80,13,33,44,94,47,55,92,89,98,55,49,10,49,75,61,80,1,15,72,90]
[27,98,49,42,66,30,85,38,78,99,26,6,78,20,35,85,74,71,6,15,74,47,38,49,36,52,35,20,47,99,90,91,21,6,3,78,65,66,36,88,77,1,26,65,34,87,2,58,78,74]
[64,23,50,68,97,44,52,45,48,81,69,55,72,30,9,2,62,75,44,34,94,43,37,11,53,81,16,39,30,49,17,80,6,55,97,57,10,27,43,7,92,93,39,29,91,31,7,12,25,74]
[58,30,18,57,6,27,37,41,10,77,51,53,58,81,6,19,98,11,15,61,69,25,30,81,30,76,16,55,11,79,91,82,21,86,10,6,71,50,74,3,46,1,78,62,98,91,39,68,16,84]
[75,34,51,17,99,46,77,94,37,82,84,69,86,48,72,42,43,22,17,75,55,2,15,93,51,78,44,85,77,67,2,87,89,16,7,49,85,11,53,90,64,48,55,96,27,75,73,82,22,82]
[40,42,80,61,65,75,95,39,10,31,31,95,34,25,18,84,69,58,22,21,27,45,52,3,80,31,93,27,45,43,14,61,62,46,44,41,16,71,83,77,92,59,89,43,66,59,53,16,80,36]
[73,50,76,2,27,79,96,9,32,88,19,68,65,46,59,15,10,2,69,72,7,51,75,26,78,35,6,65,68,40,91,67,45,35,9,5,51,54,97,41,31,42,70,6,40,12,91,81,95,41]
[84,50,66,25,24,80,36,93,9,55,49,36,95,6,26,15,39,84,51,47,68,24,97,66,36,56,46,84,17,65,69,60,2,99,44,23,29,68,93,48,53,75,3,16,56,33,97,63,19,41]
[84,44,50,55,77,43,65,84,41,84,4,70,38,58,34,58,70,5,87,30,31,88,77,67,7,37,99,10,91,63,62,65,52,40,38,83,27,2,33,93,37,57,43,63,8,49,32,94,67,61]
[31,68,23,87,65,47,9,96,76,30,1,39,71,12,80,10,5,62,36,65,52,34,68,4,26,56,26,92,86,18,96,46,25,91,92,10,19,11,27,72,35,41,67,60,82,17,71,96,10,1]
[79,12,93,63,57,49,6,55,83,23,98,22,92,22,41,46,46,95,4,43,22,68,91,17,92,9,92,79,72,41,95,60,77,88,69,98,85,18,62,85,23,66,10,83,47,38,28,75,59,79]
[5,13,12,28,25,98,85,25,24,74,66,22,9,93,82,29,94,98,37,72,14,31,78,27,58,53,67,96,20,16,60,97,80,11,81,31,72,88,39,85,72,47,10,3,32,78,73,60,71,45]
[99,5,25,47,74,87,68,96,23,35,61,50,5,84,83,95,10,64,74,86,76,98,49,73,85,36,83,79,58,11,64,30,20,68,40,60,31,31,32,40,36,86,40,57,11,33,87,53,76,17]
[25,41,12,83,36,24,45,48,89,22,10,67,21,37,42,59,58,60,93,64,20,28,68,84,44,81,90,65,90,93,38,88,26,45,53,99,94,28,48,43,74,24,27,30,86,2,1,60,49,92]
[64,91,69,55,65,75,32,16,77,56,91,97,24,26,16,70,59,32,15,41,58,79,88,94,5,49,13,97,82,26,62,16,61,79,78,21,41,26,23,48,31,55,95,14,47,88,47,72,53,15]
[21,49,32,73,91,16,85,4,23,19,60,20,7,95,43,3,60,66,9,83,97,47,92,12,99,59,86,36,50,47,49,12,25,88,63,91,27,64,20,5,6,9,50,25,84,1,76,26,3,15]
[92,97,22,1,81,30,79,59,66,68,60,38,65,1,60,54,21,23,49,70,79,47,72,34,64,86,54,59,39,70,19,44,15,85,34,86,73,26,91,78,57,14,97,97,10,85,28,39,9,47]
[90,20,77,29,97,14,83,20,30,16,44,43,97,23,39,60,36,63,69,67,27,36,75,64,25,43,65,92,15,73,25,11,56,34,94,53,10,67,87,83,12,57,62,83,95,40,86,39,44,32]
[6,59,10,56,48,99,84,71,16,74,47,21,87,16,50,66,44,65,60,94,4,47,72,57,74,85,87,47,62,55,30,14,60,83,77,29,39,30,3,53,90,65,84,20,86,81,32,80,30,98]
[51,59,95,67,12,55,22,20,60,5,27,58,24,27,24,70,59,11,2,19,36,71,41,97,51,21,64,34,76,98,22,95,26,53,53,99,51,52,53,28,94,63,8,95,88,46,25,27,82,62]
[9,82,39,79,70,50,92,66,79,12,7,64,54,38,83,97,87,29,17,6,44,3,21,15,73,99,57,94,57,96,49,69,85,86,55,93,71,35,10,56,90,23,92,74,43,26,87,60,89,77]
[9,97,93,74,77,10,25,4,16,30,10,33,80,86,3,52,2,91,8,77,47,25,46,90,98,97,6,48,64,42,96,44,42,43,79,58,26,84,61,61,17,39,57,50,61,9,37,23,17,30]
[57,86,51,64,41,42,81,42,60,85,30,84,36,20,96,74,4,31,98,12,5,83,59,69,19,24,96,69,78,97,40,18,62,86,99,85,37,58,56,89,68,60,72,62,43,47,23,54,96,32]
[60,86,67,60,26,40,35,55,28,55,35,68,28,15,66,53,27,53,96,49,28,79,98,37,19,57,98,4,43,71,2,53,98,94,47,20,44,30,86,61,43,81,12,16,13,30,74,15,48,28]
[45,15,24,22,93,57,9,38,50,67,97,94,31,36,14,61,77,25,67,16,48,82,58,5,90,34,10,6,64,82,73,71,39,51,60,84,69,94,58,44,63,60,91,48,76,1,15,9,80,97]
[74,48,71,36,78,30,70,87,58,64,85,5,38,44,62,9,17,42,33,87,32,95,41,52,18,75,42,31,32,59,55,59,44,65,74,43,15,17,40,51,74,91,27,34,29,41,72,82,84,95]
[40,93,60,94,73,8,5,62,46,26,31,96,33,98,77,57,51,21,64,86,4,71,57,73,36,56,6,40,13,1,56,51,81,21,81,94,80,58,57,51,70,83,33,62,35,39,25,95,61,13]
[72,21,26,12,30,22,16,33,57,62,53,3,94,49,56,42,98,79,53,10,72,98,65,65,10,88,73,51,33,80,20,53,79,46,81,89,25,70,63,28,54,94,47,43,65,95,52,15,24,98]
[96,20,69,3,52,93,31,46,64,60,43,24,44,59,75,34,28,34,10,64,5,36,24,70,30,31,51,63,9,25,46,77,60,20,60,14,37,68,44,70,35,8,1,86,5,35,54,26,14,75]
[91,80,86,24,70,47,58,28,43,30,29,12,45,16,78,67,91,61,48,39,86,60,71,21,12,96,84,13,84,74,2,60,41,42,68,18,17,82,29,51,24,74,82,86,82,70,28,73,8,87]
[59,67,62,55,50,71,4,32,55,62,27,91,42,90,41,76,88,46,87,89,59,55,47,71,52,80,8,17,27,25,4,92,9,70,96,75,56,94,50,28,87,90,82,57,50,71,81,78,82,18]
[43,18,15,40,84,88,87,70,97,11,93,98,46,41,23,6,99,21,20,75,56,62,98,73,77,31,44,44,21,85,28,80,46,60,29,2,10,91,79,28,83,71,70,61,86,92,26,54,56,58]
[85,1,21,29,49,1,34,81,9,42,49,99,44,77,65,77,44,81,11,59,2,94,2,45,89,91,85,57,5,29,81,43,91,82,36,54,38,43,79,9,35,95,50,4,48,53,73,48,4,95]
[12,35,32,16,53,16,17,32,61,32,65,83,92,91,28,38,44,5,90,41,97,36,61,84,7,78,99,30,38,58,4,33,21,91,6,14,18,40,80,61,53,19,89,93,94,41,53,10,3,59]
[70,5,63,23,6,80,79,3,57,83,22,65,71,60,6,13,87,69,62,34,66,63,22,77,32,42,52,79,76,88,4,31,64,79,14,35,38,78,78,4,72,13,16,85,30,38,37,89,53,20]
[64,43,18,33,47,37,9,87,90,99,46,43,90,12,51,14,12,98,95,80,98,46,30,17,29,51,48,64,50,31,59,82,48,89,73,42,39,81,97,40,6,1,7,30,86,19,51,45,58,71]
[90,97,96,92,58,19,68,39,79,33,66,13,41,45,52,53,65,98,66,7,6,18,22,69,64,68,78,81,26,50,86,51,59,38,57,96,74,66,83,52,45,96,85,15,47,3,49,74,5,40]
[90,29,18,26,65,59,83,26,54,16,68,41,36,15,40,77,97,16,3,18,30,75,49,13,53,65,37,50,27,55,75,22,55,99,58,75,17,12,77,57,38,80,75,82,60,45,80,34,87,12]
[32,18,37,89,49,99,9,75,45,50,86,83,70,35,42,19,95,17,85,22,67,34,20,88,2,23,13,74,79,81,99,30,50,4,83,53,25,76,6,84,87,87,28,69,49,65,17,8,1,83]
[57,18,67,7,78,86,45,49,55,16,20,64,89,75,89,7,98,75,7,97,29,76,19,47,73,69,12,7,61,51,97,91,34,69,62,5,31,63,22,19,79,61,86,18,46,97,93,4,89,59]
[94,18,37,54,70,31,69,83,20,10,72,60,16,9,75,13,24,52,82,30,14,28,27,80,66,12,83,39,39,34,29,11,49,19,96,23,78,62,14,89,8,19,63,45,59,65,4,89,71,8]
[37,61,46,61,21,32,82,47,25,11,84,86,14,1,58,82,21,69,57,6,73,45,57,61,89,23,74,92,19,67,89,71,29,2,25,89,83,77,67,69,4,37,41,51,83,87,41,66,56,10]
];

# jobs routes
jr = [
[OSSP]
[OSSP]
[OSSP]
[OSSP]
[OSSP]
[OSSP]
[OSSP]
[OSSP]
[OSSP]
[OSSP]
[OSSP]
[OSSP]
[OSSP]
[OSSP]
[OSSP]
[23, 39, 37, 38, 44, 26, 5, 2, 6, 40, 9, 34, 49, 20, 35, 28, 10, 45, 12, 1, 48, 13, 8, 17, 21, 33, 18, 24, 42, 15, 32, 7, 3, 50, 30, 29, 4, 46, 31, 16, 47, 11, 19, 14, 25, 36, 27, 22, 41, 43]
[49, 37, 45, 8, 10, 50, 48, 5, 12, 19, 15, 46, 34, 22, 30, 20, 7, 44, 41, 16, 21, 6, 26, 9, 32, 42, 27, 47, 17, 3, 35, 25, 39, 14, 33, 36, 13, 28, 23, 18, 1, 11, 4, 40, 43, 31, 24, 38, 2, 29]
[2, 47, 16, 3, 22, 35, 18, 46, 26, 33, 11, 44, 43, 29, 37, 50, 14, 8, 39, 10, 7, 34, 12, 41, 40, 9, 32, 6, 45, 15, 4, 23, 36, 27, 38, 48, 20, 25, 21, 19, 1, 49, 5, 30, 31, 17, 24, 28, 42, 13]
[28, 50, 45, 6, 23, 47, 5, 38, 19, 4, 31, 20, 10, 22, 30, 1, 12, 32, 25, 3, 36, 24, 16, 9, 18, 46, 11, 7, 43, 27, 8, 26, 49, 2, 14, 29, 34, 41, 13, 39, 15, 17, 37, 42, 35, 44, 21, 40, 48, 33]
[35, 37, 18, 33, 47, 7, 41, 29, 17, 40, 5, 10, 50, 28, 39, 36, 14, 46, 4, 31, 12, 43, 3, 16, 48, 1, 21, 34, 30, 42, 6, 22, 20, 23, 24, 45, 49, 32, 2, 26, 19, 25, 15, 8, 44, 13, 11, 27, 38, 9]
[20, 26, 38, 8, 33, 31, 32, 35, 50, 9, 18, 40, 43, 4, 24, 34, 1, 5, 47, 16, 30, 21, 29, 15, 45, 11, 7, 48, 28, 44, 14, 36, 42, 41, 25, 2, 19, 13, 39, 46, 49, 12, 17, 10, 23, 37, 3, 27, 6, 22]
[34, 10, 30, 42, 37, 4, 18, 48, 29, 46, 1, 45, 11, 13, 39, 7, 31, 28, 36, 23, 6, 35, 40, 9, 43, 15, 2, 12, 49, 19, 38, 21, 8, 26, 14, 27, 3, 41, 44, 50, 5, 33, 22, 16, 47, 32, 20, 25, 24, 17]
[20, 45, 36, 49, 24, 9, 44, 2, 15, 39, 12, 25, 8, 23, 30, 43, 21, 40, 42, 27, 13, 19, 26, 31, 29, 37, 17, 32, 14, 47, 4, 34, 3, 22, 16, 18, 50, 7, 35, 6, 5, 28, 41, 1, 46, 11, 33, 10, 38, 48]
[22, 47, 39, 41, 14, 25, 36, 37, 11, 15, 44, 49, 13, 18, 29, 12, 16, 24, 8, 31, 23, 35, 19, 1, 38, 7, 50, 10, 21, 3, 42, 27, 40, 45, 43, 46, 32, 20, 9, 48, 28, 34, 26, 2, 30, 4, 6, 5, 17, 33]
[12, 35, 42, 20, 3, 47, 24, 8, 36, 38, 2, 49, 44, 23, 25, 29, 10, 41, 6, 18, 14, 34, 13, 40, 45, 30, 50, 19, 37, 7, 32, 5, 48, 15, 46, 31, 17, 1, 11, 28, 22, 27, 21, 16, 4, 9, 33, 26, 43, 39]
[28, 15, 8, 5, 3, 50, 16, 20, 31, 35, 6, 17, 36, 39, 19, 38, 34, 42, 48, 44, 40, 47, 18, 30, 49, 27, 41, 21, 37, 25, 2, 22, 4, 7, 45, 46, 26, 43, 32, 24, 23, 14, 12, 29, 9, 1, 10, 33, 13, 11]
[5, 30, 27, 20, 15, 8, 25, 21, 6, 36, 48, 38, 23, 34, 18, 41, 46, 3, 49, 29, 45, 14, 22, 16, 10, 28, 44, 32, 19, 35, 31, 33, 43, 2, 11, 12, 4, 40, 42, 17, 50, 13, 24, 26, 37, 7, 47, 39, 1, 9]
[16, 8, 15, 43, 26, 20, 17, 42, 36, 2, 18, 6, 37, 12, 30, 33, 21, 5, 9, 28, 22, 10, 49, 41, 35, 40, 24, 3, 47, 46, 45, 27, 29, 44, 7, 34, 32, 14, 23, 31, 11, 38, 4, 1, 50, 25, 39, 48, 19, 13]
[48, 23, 49, 31, 8, 33, 13, 40, 29, 24, 37, 17, 12, 19, 32, 21, 27, 44, 16, 7, 22, 30, 42, 43, 14, 39, 6, 50, 18, 46, 3, 1, 26, 10, 41, 20, 34, 36, 4, 2, 47, 15, 25, 35, 45, 5, 11, 28, 9, 38]
[35, 38, 13, 32, 3, 22, 17, 23, 43, 36, 34, 44, 39, 14, 37, 31, 30, 6, 27, 2, 12, 20, 46, 28, 26, 4, 11, 33, 49, 18, 50, 24, 19, 8, 15, 48, 29, 16, 5, 41, 42, 7, 1, 25, 9, 40, 45, 47, 21, 10]
[17, 21, 34, 22, 5, 38, 36, 2, 35, 37, 4, 26, 6, 28, 7, 3, 16, 1, 48, 25, 49, 8, 19, 11, 15, 23, 32, 39, 41, 18, 10, 47, 20, 40, 30, 46, 45, 50, 44, 42, 12, 33, 43, 13, 24, 27, 31, 29, 14, 9]
[39, 48, 3, 18, 11, 17, 45, 6, 37, 35, 20, 41, 5, 33, 10, 14, 46, 13, 22, 26, 34, 8, 19, 23, 21, 38, 24, 27, 47, 40, 9, 29, 42, 44, 16, 49, 12, 15, 25, 7, 28, 36, 31, 2, 30, 50, 32, 1, 43, 4]
[20, 47, 4, 18, 49, 46, 29, 33, 48, 21, 39, 2, 34, 5, 43, 9, 24, 26, 44, 32, 30, 41, 3, 22, 23, 6, 14, 15, 19, 11, 28, 37, 16, 42, 1, 40, 8, 12, 25, 36, 38, 50, 27, 35, 17, 45, 31, 13, 10, 7]
[35, 13, 5, 22, 24, 50, 17, 37, 28, 2, 43, 25, 30, 7, 33, 29, 26, 49, 34, 12, 44, 1, 6, 3, 18, 4, 47, 15, 16, 14, 27, 45, 31, 11, 19, 36, 21, 9, 46, 48, 42, 40, 20, 23, 32, 41, 8, 10, 39, 38]
[1, 21, 28, 44, 50, 26, 30, 18, 9, 17, 15, 35, 20, 36, 40, 29, 49, 12, 33, 31, 22, 48, 25, 47, 42, 38, 3, 13, 2, 23, 7, 39, 34, 16, 24, 14, 10, 43, 32, 41, 37, 45, 6, 5, 46, 8, 19, 11, 4, 27]
[22, 20, 27, 36, 17, 29, 23, 34, 6, 4, 45, 13, 7, 42, 21, 50, 3, 15, 10, 25, 49, 40, 41, 38, 47, 31, 24, 2, 19, 12, 48, 33, 43, 32, 26, 16, 37, 39, 5, 9, 35, 8, 30, 11, 14, 28, 18, 44, 46, 1]
[23, 43, 17, 49, 13, 44, 34, 31, 33, 27, 42, 4, 19, 40, 22, 30, 50, 25, 15, 36, 24, 39, 20, 3, 9, 35, 11, 48, 5, 1, 37, 14, 45, 8, 38, 26, 41, 12, 47, 6, 29, 18, 10, 21, 16, 32, 28, 2, 7, 46]
[22, 41, 36, 5, 7, 18, 28, 33, 11, 44, 19, 23, 10, 6, 16, 42, 43, 9, 38, 32, 8, 46, 30, 24, 17, 2, 49, 40, 1, 45, 15, 34, 25, 50, 35, 31, 21, 29, 3, 4, 27, 12, 39, 48, 47, 13, 37, 20, 26, 14]
[38, 5, 23, 3, 21, 40, 1, 36, 16, 14, 48, 12, 25, 13, 15, 29, 31, 22, 11, 43, 9, 35, 10, 8, 46, 45, 27, 49, 26, 32, 41, 44, 39, 7, 33, 17, 4, 47, 30, 19, 28, 2, 37, 50, 20, 34, 24, 42, 6, 18]
[47, 33, 20, 46, 5, 27, 7, 10, 36, 30, 32, 37, 49, 41, 13, 43, 4, 23, 16, 6, 11, 22, 45, 17, 2, 28, 34, 25, 38, 31, 21, 14, 44, 3, 9, 12, 48, 18, 35, 19, 40, 1, 26, 42, 39, 29, 8, 15, 24, 50]
[20, 4, 5, 15, 38, 32, 10, 13, 12, 35, 3, 6, 50, 25, 1, 23, 44, 33, 26, 8, 17, 36, 19, 22, 7, 2, 27, 11, 39, 28, 42, 45, 43, 16, 30, 49, 41, 48, 31, 21, 47, 9, 18, 29, 37, 46, 14, 34, 40, 24]
[25, 26, 44, 43, 10, 41, 14, 45, 20, 6, 40, 29, 12, 13, 21, 11, 49, 32, 35, 24, 15, 8, 1, 2, 33, 18, 22, 27, 47, 7, 28, 38, 37, 39, 5, 31, 50, 48, 23, 42, 4, 16, 9, 36, 46, 3, 34, 30, 17, 19]
[49, 30, 22, 41, 47, 21, 10, 29, 9, 27, 36, 17, 46, 4, 25, 48, 43, 38, 44, 42, 2, 23, 26, 16, 11, 19, 35, 12, 5, 7, 20, 33, 32, 13, 6, 8, 28, 37, 39, 31, 1, 45, 34, 15, 50, 18, 24, 14, 3, 40]
[49, 27, 37, 3, 11, 16, 24, 46, 9, 2, 43, 14, 5, 28, 4, 38, 41, 35, 12, 42, 20, 23, 36, 39, 50, 30, 22, 26, 25, 21, 8, 48, 31, 44, 19, 34, 15, 7, 1, 40, 29, 32, 10, 6, 47, 18, 45, 33, 17, 13]
[1, 3, 35, 23, 27, 26, 29, 41, 13, 22, 11, 7, 49, 16, 21, 30, 44, 8, 17, 25, 24, 46, 38, 39, 50, 28, 12, 20, 14, 2, 36, 47, 37, 40, 45, 42, 34, 48, 33, 19, 10, 15, 6, 9, 5, 32, 31, 43, 4, 18]
[42, 26, 49, 3, 41, 2, 28, 7, 10, 31, 35, 17, 33, 45, 25, 16, 34, 18, 44, 13, 37, 46, 38, 29, 36, 6, 14, 9, 5, 43, 11, 22, 50, 40, 32, 23, 1, 8, 20, 12, 21, 24, 15, 27, 4, 19, 39, 47, 48, 30]
[39, 17, 2, 6, 40, 19, 33, 31, 15, 22, 32, 47, 23, 29, 8, 36, 14, 12, 43, 49, 41, 27, 48, 5, 30, 13, 16, 44, 38, 37, 26, 46, 25, 4, 11, 28, 21, 3, 20, 34, 24, 35, 10, 45, 1, 9, 18, 42, 50, 7]
[24, 18, 49, 30, 26, 16, 7, 9, 39, 31, 38, 8, 17, 22, 43, 37, 1, 48, 13, 47, 12, 25, 34, 35, 2, 10, 44, 29, 3, 15, 46, 21, 45, 42, 19, 11, 6, 40, 14, 33, 50, 36, 5, 23, 20, 4, 27, 41, 32, 28]
[34, 48, 33, 24, 27, 3, 29, 25, 28, 45, 20, 16, 46, 22, 13, 10, 41, 14, 6, 1, 26, 35, 30, 23, 9, 42, 15, 38, 36, 18, 4, 37, 5, 2, 39, 12, 47, 40, 50, 43, 17, 44, 7, 49, 19, 11, 8, 21, 32, 31]
[44, 12, 48, 20, 13, 3, 32, 4, 40, 24, 41, 10, 39, 8, 45, 6, 37, 21, 23, 38, 31, 7, 42, 49, 33, 2, 34, 16, 22, 11, 46, 30, 5, 9, 43, 27, 1, 35, 15, 50, 26, 28, 25, 17, 36, 29, 18, 19, 47, 14]
];