# INSTANCE PM MSSP_30x30_OSSP_JOBS_25_INST_02

Jobs = 30;
Machines = 30;

# machines in parallel
Capacity = [3,2,1,1,2,3,2,3,2,3,3,1,2,1,2,2,2,3,3,1,2,2,1,3,1,2,1,3,2,1];

# processing times
pt = [
[31, 68, 20, 93, 86, 94, 8, 85, 62, 51, 30, 10, 39, 42, 68, 11, 36, 16, 57, 46, 96, 11, 89, 65, 39, 43, 70, 2, 56, 34]
[23, 43, 64, 95, 53, 53, 84, 14, 44, 60, 57, 53, 18, 43, 65, 72, 74, 8, 79, 26, 20, 5, 39, 51, 30, 85, 6, 19, 31, 72]
[92, 68, 87, 13, 77, 60, 31, 40, 48, 82, 5, 67, 98, 38, 27, 51, 65, 48, 33, 26, 35, 18, 37, 62, 75, 36, 13, 96, 32, 85]
[33, 41, 61, 93, 22, 62, 85, 97, 19, 82, 37, 59, 47, 18, 8, 88, 97, 7, 81, 61, 20, 25, 23, 80, 89, 63, 72, 2, 34, 52]
[30, 64, 68, 62, 66, 88, 51, 80, 95, 74, 9, 21, 99, 16, 77, 38, 12, 64, 86, 61, 52, 25, 94, 87, 59, 53, 69, 10, 72, 4]
[18, 50, 42, 87, 73, 70, 92, 83, 67, 93, 31, 60, 36, 41, 23, 49, 80, 13, 53, 98, 4, 58, 85, 60, 35, 34, 98, 81, 9, 46]
[22, 15, 12, 33, 38, 90, 82, 36, 16, 72, 99, 1, 66, 12, 20, 17, 49, 82, 87, 63, 35, 45, 92, 90, 94, 55, 81, 75, 71, 6]
[75, 90, 36, 72, 44, 49, 72, 68, 19, 80, 77, 80, 9, 48, 70, 16, 46, 62, 12, 33, 54, 92, 45, 10, 65, 27, 52, 82, 31, 70]
[90, 2, 14, 27, 68, 81, 71, 21, 81, 50, 25, 45, 14, 8, 96, 61, 16, 5, 72, 46, 78, 84, 67, 69, 62, 87, 98, 8, 8, 13]
[60, 50, 53, 62, 33, 87, 79, 29, 53, 86, 33, 56, 82, 20, 26, 44, 86, 29, 31, 78, 87, 43, 55, 87, 5, 7, 10, 7, 49, 62]
[13, 25, 39, 25, 1, 96, 86, 22, 93, 90, 60, 11, 99, 61, 77, 14, 75, 45, 74, 79, 9, 53, 94, 47, 71, 70, 23, 91, 82, 52]
[88, 2, 9, 14, 62, 27, 66, 36, 27, 84, 90, 85, 61, 88, 56, 80, 57, 3, 67, 92, 25, 11, 95, 62, 95, 30, 73, 41, 18, 3]
[25, 89, 4, 4, 62, 60, 30, 36, 96, 40, 5, 71, 44, 39, 42, 48, 87, 40, 94, 56, 31, 58, 8, 91, 26, 24, 62, 37, 33, 23]
[22, 82, 56, 34, 26, 5, 51, 15, 75, 61, 50, 76, 45, 55, 29, 55, 33, 17, 10, 86, 80, 57, 7, 9, 70, 2, 27, 70, 39, 39]
[33, 6, 5, 36, 39, 47, 93, 33, 99, 94, 7, 42, 99, 77, 85, 27, 21, 86, 6, 1, 45, 68, 14, 40, 33, 18, 84, 92, 68, 14]
[54, 69, 98, 51, 59, 48, 95, 95, 96, 56, 68, 2, 81, 4, 17, 76, 17, 77, 59, 87, 52, 96, 99, 98, 4, 88, 10, 4, 41, 42]
[65, 65, 10, 9, 86, 26, 21, 65, 33, 59, 33, 86, 35, 53, 52, 6, 15, 97, 52, 13, 89, 37, 24, 94, 22, 19, 20, 22, 37, 53]
[48, 60, 43, 52, 45, 83, 54, 62, 26, 53, 14, 67, 74, 89, 79, 46, 39, 53, 83, 87, 54, 42, 92, 67, 98, 16, 42, 65, 2, 53]
[21, 51, 83, 10, 27, 6, 99, 70, 6, 66, 11, 80, 37, 11, 68, 76, 51, 21, 32, 94, 56, 47, 24, 46, 25, 10, 91, 48, 33, 63]
[85, 52, 48, 75, 18, 15, 72, 43, 10, 48, 86, 32, 83, 48, 7, 75, 43, 74, 35, 77, 31, 71, 22, 62, 6, 7, 48, 78, 30, 56]
[43, 68, 98, 87, 29, 60, 46, 50, 91, 80, 5, 29, 9, 72, 39, 44, 15, 20, 29, 10, 38, 25, 78, 47, 63, 3, 80, 14, 35, 82]
[42, 84, 1, 89, 98, 98, 50, 88, 42, 82, 99, 74, 12, 4, 39, 58, 90, 21, 83, 37, 72, 99, 35, 70, 96, 35, 8, 87, 34, 65]
[50, 43, 34, 99, 93, 65, 71, 15, 22, 12, 75, 16, 47, 46, 73, 51, 24, 67, 90, 56, 35, 79, 74, 8, 44, 72, 30, 62, 34, 15]
[8, 28, 29, 94, 18, 14, 12, 37, 44, 35, 70, 8, 64, 57, 59, 73, 9, 77, 85, 73, 96, 94, 16, 67, 89, 58, 53, 8, 79, 2]
[82, 22, 41, 86, 16, 48, 99, 75, 54, 21, 21, 60, 69, 28, 28, 59, 62, 11, 63, 77, 63, 60, 3, 26, 31, 76, 3, 32, 59, 17]
[24, 56, 56, 25, 61, 64, 78, 42, 44, 58, 75, 77, 23, 17, 8, 50, 5, 70, 93, 96, 63, 36, 67, 76, 40, 45, 89, 57, 65, 96]
[43, 56, 34, 79, 62, 24, 88, 99, 13, 36, 77, 10, 85, 98, 50, 17, 86, 65, 4, 96, 73, 18, 47, 26, 55, 48, 60, 72, 55, 79]
[28, 32, 5, 2, 8, 74, 43, 79, 30, 94, 89, 51, 97, 33, 62, 36, 85, 4, 35, 34, 44, 98, 79, 66, 74, 47, 85, 65, 77, 95]
[32, 28, 39, 62, 20, 61, 85, 95, 29, 69, 23, 47, 16, 21, 84, 55, 96, 31, 98, 71, 58, 9, 31, 98, 54, 15, 81, 74, 29, 58]
[83, 39, 72, 14, 50, 15, 71, 33, 6, 81, 85, 93, 77, 83, 18, 91, 89, 72, 79, 87, 9, 36, 4, 16, 27, 98, 67, 38, 63, 90]
];

# jobs routes
jr = [
[OSSP]
[OSSP]
[OSSP]
[OSSP]
[OSSP]
[OSSP]
[OSSP]
[OSSP]
[OSSP]
[OSSP]
[OSSP]
[OSSP]
[OSSP]
[OSSP]
[OSSP]
[OSSP]
[OSSP]
[OSSP]
[OSSP]
[OSSP]
[OSSP]
[OSSP]
[OSSP]
[OSSP]
[OSSP]
[7, 29, 16, 30, 26, 20, 22, 4, 15, 27, 9, 23, 18, 2, 25, 14, 24, 8, 5, 6, 19, 3, 11, 21, 1, 17, 13, 12, 10, 28]
[25, 21, 26, 12, 4, 22, 28, 15, 7, 3, 30, 24, 9, 10, 6, 11, 23, 20, 2, 29, 1, 13, 16, 17, 5, 18, 19, 27, 14, 8]
[3, 15, 28, 8, 11, 12, 25, 5, 18, 27, 9, 14, 30, 29, 2, 13, 21, 1, 6, 17, 20, 10, 16, 4, 23, 22, 24, 7, 26, 19]
[28, 27, 2, 15, 11, 13, 6, 18, 3, 8, 10, 24, 23, 19, 14, 1, 16, 4, 20, 9, 30, 17, 5, 29, 22, 21, 25, 12, 7, 26]
[26, 24, 9, 29, 2, 11, 12, 19, 15, 14, 22, 23, 3, 20, 1, 28, 13, 4, 10, 25, 16, 18, 8, 21, 27, 30, 5, 6, 17, 7]
];