# INSTANCE PM MSSP_30x30_OSSP_JOBS_25_INST_03

Jobs = 30;
Machines = 30;

# machines in parallel
Capacity = [3,2,1,1,2,3,2,3,2,3,3,1,2,1,2,2,2,3,3,1,2,2,1,3,1,2,1,3,2,1];

# processing times
pt = [
[29, 15, 6, 42, 4, 10, 26, 75, 50, 8, 24, 39, 31, 43, 37, 28, 55, 50, 7, 19, 92, 59, 95, 18, 10, 78, 69, 91, 61, 14]
[89, 28, 87, 19, 25, 51, 53, 45, 81, 12, 47, 50, 37, 45, 2, 72, 79, 1, 18, 32, 64, 60, 7, 58, 61, 2, 5, 50, 33, 35]
[34, 73, 25, 45, 23, 23, 43, 93, 31, 69, 20, 62, 63, 3, 25, 78, 49, 11, 80, 14, 46, 17, 65, 30, 47, 65, 72, 9, 37, 54]
[98, 23, 85, 50, 65, 73, 95, 69, 78, 33, 26, 53, 21, 45, 82, 90, 97, 45, 66, 30, 65, 62, 49, 18, 56, 59, 36, 39, 77, 42]
[24, 70, 13, 6, 38, 89, 97, 96, 59, 71, 55, 68, 59, 5, 74, 10, 84, 94, 95, 62, 55, 93, 82, 87, 42, 1, 39, 81, 51, 90]
[20, 77, 9, 74, 60, 44, 96, 4, 6, 84, 92, 84, 28, 27, 54, 72, 1, 49, 83, 63, 62, 38, 21, 9, 32, 53, 35, 44, 28, 5]
[99, 86, 4, 46, 30, 58, 81, 74, 65, 89, 34, 39, 78, 30, 9, 70, 82, 21, 97, 3, 13, 27, 62, 2, 36, 15, 78, 23, 8, 87]
[56, 78, 71, 69, 89, 74, 44, 16, 81, 96, 63, 46, 63, 12, 34, 34, 39, 70, 7, 35, 83, 74, 38, 15, 9, 67, 49, 12, 14, 81]
[72, 90, 65, 89, 33, 63, 25, 84, 97, 81, 89, 42, 95, 41, 8, 5, 61, 9, 30, 66, 4, 48, 93, 82, 40, 92, 51, 27, 8, 35]
[98, 50, 8, 84, 85, 92, 60, 43, 10, 30, 64, 83, 75, 92, 52, 6, 96, 72, 73, 45, 52, 86, 47, 12, 85, 67, 16, 2, 21, 54]
[10, 75, 78, 56, 29, 10, 3, 74, 91, 21, 66, 56, 25, 47, 15, 11, 93, 96, 92, 96, 3, 95, 4, 49, 95, 45, 48, 92, 83, 90]
[73, 27, 12, 39, 78, 3, 7, 24, 14, 78, 22, 28, 36, 9, 19, 82, 86, 65, 7, 17, 6, 23, 31, 95, 42, 82, 15, 34, 97, 34]
[92, 17, 78, 38, 53, 95, 21, 46, 18, 43, 86, 83, 80, 92, 27, 24, 80, 93, 13, 9, 75, 89, 63, 24, 10, 83, 51, 24, 54, 94]
[45, 21, 58, 22, 17, 12, 36, 14, 26, 39, 36, 54, 57, 2, 57, 91, 58, 72, 25, 60, 88, 23, 33, 89, 87, 11, 4, 97, 75, 6]
[80, 18, 13, 61, 92, 26, 38, 33, 55, 75, 70, 32, 5, 33, 86, 98, 58, 64, 64, 65, 20, 27, 92, 85, 84, 18, 70, 74, 82, 19]
[83, 52, 40, 52, 2, 38, 99, 61, 73, 31, 10, 99, 37, 79, 39, 16, 6, 44, 39, 60, 77, 67, 89, 60, 54, 16, 16, 89, 51, 94]
[18, 78, 86, 84, 20, 73, 92, 90, 44, 98, 49, 88, 82, 84, 42, 6, 60, 12, 6, 66, 36, 56, 66, 80, 82, 50, 49, 50, 51, 87]
[78, 33, 17, 18, 81, 90, 17, 47, 53, 37, 10, 55, 75, 90, 6, 84, 35, 7, 41, 86, 88, 26, 37, 21, 75, 35, 29, 2, 96, 19]
[42, 57, 84, 74, 32, 68, 37, 10, 38, 81, 3, 99, 6, 1, 44, 84, 30, 26, 1, 85, 72, 82, 48, 78, 33, 70, 48, 47, 77, 21]
[37, 61, 85, 85, 51, 98, 12, 21, 34, 97, 6, 27, 15, 73, 20, 77, 40, 11, 15, 31, 54, 1, 30, 92, 85, 42, 22, 74, 72, 85]
[86, 32, 91, 68, 36, 75, 12, 90, 46, 4, 2, 98, 89, 47, 11, 44, 55, 49, 28, 66, 81, 48, 11, 90, 29, 90, 98, 37, 98, 84]
[68, 98, 55, 57, 31, 62, 37, 14, 11, 45, 37, 8, 67, 18, 8, 85, 10, 66, 7, 52, 38, 65, 16, 97, 44, 99, 22, 19, 9, 84]
[99, 24, 54, 72, 8, 96, 30, 60, 38, 43, 28, 2, 49, 15, 71, 21, 61, 55, 22, 11, 46, 36, 65, 93, 66, 55, 6, 98, 63, 36]
[3, 3, 82, 57, 7, 38, 38, 78, 20, 2, 43, 71, 18, 2, 28, 62, 26, 40, 85, 69, 19, 24, 30, 21, 21, 96, 81, 22, 13, 80]
[74, 63, 50, 32, 2, 98, 99, 30, 48, 9, 52, 89, 97, 84, 33, 34, 67, 12, 27, 52, 42, 15, 7, 3, 1, 21, 17, 12, 19, 79]
[9, 36, 21, 5, 37, 8, 50, 22, 24, 87, 7, 19, 34, 17, 49, 2, 48, 37, 2, 57, 88, 85, 9, 96, 77, 60, 97, 48, 51, 48]
[49, 82, 88, 75, 74, 97, 26, 73, 73, 19, 99, 9, 58, 84, 31, 76, 96, 45, 74, 22, 39, 45, 59, 47, 99, 74, 60, 17, 25, 97]
[27, 16, 47, 65, 69, 13, 90, 62, 89, 82, 85, 94, 70, 49, 26, 51, 19, 55, 38, 93, 44, 79, 34, 24, 19, 94, 89, 8, 20, 84]
[80, 4, 10, 35, 15, 74, 95, 72, 63, 98, 40, 28, 73, 64, 91, 30, 99, 42, 84, 27, 12, 4, 54, 95, 82, 32, 30, 40, 41, 18]
[29, 76, 1, 6, 43, 52, 61, 30, 62, 74, 58, 88, 86, 27, 81, 23, 29, 89, 36, 63, 22, 78, 52, 37, 4, 32, 48, 28, 97, 32]
];

# jobs routes
jr = [
[OSSP]
[OSSP]
[OSSP]
[OSSP]
[OSSP]
[OSSP]
[OSSP]
[OSSP]
[OSSP]
[OSSP]
[OSSP]
[OSSP]
[OSSP]
[OSSP]
[OSSP]
[OSSP]
[OSSP]
[OSSP]
[OSSP]
[OSSP]
[OSSP]
[OSSP]
[OSSP]
[OSSP]
[OSSP]
[7, 29, 16, 30, 26, 20, 22, 4, 15, 27, 9, 23, 18, 2, 25, 14, 24, 8, 5, 6, 19, 3, 11, 21, 1, 17, 13, 12, 10, 28]
[25, 21, 26, 12, 4, 22, 28, 15, 7, 3, 30, 24, 9, 10, 6, 11, 23, 20, 2, 29, 1, 13, 16, 17, 5, 18, 19, 27, 14, 8]
[3, 15, 28, 8, 11, 12, 25, 5, 18, 27, 9, 14, 30, 29, 2, 13, 21, 1, 6, 17, 20, 10, 16, 4, 23, 22, 24, 7, 26, 19]
[28, 27, 2, 15, 11, 13, 6, 18, 3, 8, 10, 24, 23, 19, 14, 1, 16, 4, 20, 9, 30, 17, 5, 29, 22, 21, 25, 12, 7, 26]
[26, 24, 9, 29, 2, 11, 12, 19, 15, 14, 22, 23, 3, 20, 1, 28, 13, 4, 10, 25, 16, 18, 8, 21, 27, 30, 5, 6, 17, 7]
];