# INSTANCE PM MSSP_30x30_OSSP_JOBS_25_INST_05

Jobs = 30;
Machines = 30;

# machines in parallel
Capacity = [3,2,1,1,2,3,2,3,2,3,3,1,2,1,2,2,2,3,3,1,2,2,1,3,1,2,1,3,2,1];

# processing times
pt = [
[63, 53, 46, 48, 78, 6, 63, 73, 26, 64, 42, 67, 10, 17, 64, 90, 4, 85, 74, 60, 97, 93, 42, 10, 99, 68, 37, 77, 96, 58]
[66, 30, 22, 99, 46, 17, 10, 88, 40, 72, 37, 20, 8, 6, 14, 17, 54, 71, 84, 44, 88, 82, 9, 75, 16, 17, 47, 17, 30, 31]
[39, 66, 18, 52, 74, 74, 43, 94, 85, 91, 94, 9, 40, 48, 29, 29, 31, 45, 23, 75, 59, 64, 31, 28, 10, 82, 87, 52, 11, 35]
[82, 64, 90, 74, 68, 57, 89, 92, 82, 59, 56, 76, 63, 55, 66, 14, 17, 75, 46, 26, 82, 59, 7, 17, 44, 24, 39, 30, 82, 18]
[37, 63, 50, 44, 26, 78, 12, 6, 11, 21, 58, 1, 84, 79, 50, 97, 9, 25, 22, 56, 67, 44, 13, 54, 35, 44, 19, 97, 73, 34]
[6, 22, 73, 80, 11, 67, 22, 86, 98, 87, 14, 66, 25, 16, 87, 83, 2, 33, 13, 42, 67, 67, 95, 63, 48, 54, 93, 84, 75, 98]
[86, 13, 69, 8, 83, 4, 96, 61, 12, 91, 90, 26, 81, 19, 97, 40, 38, 42, 29, 81, 49, 52, 48, 78, 17, 92, 96, 26, 15, 7]
[54, 13, 25, 52, 88, 97, 93, 85, 31, 18, 10, 62, 8, 6, 99, 5, 2, 63, 23, 76, 15, 53, 91, 36, 6, 4, 34, 11, 84, 75]
[79, 77, 53, 89, 82, 69, 87, 17, 9, 4, 52, 34, 55, 71, 88, 93, 50, 78, 89, 68, 52, 50, 64, 82, 65, 53, 15, 81, 78, 22]
[34, 82, 87, 1, 79, 17, 11, 17, 96, 17, 85, 23, 80, 87, 5, 48, 75, 41, 42, 63, 88, 24, 5, 88, 76, 83, 99, 73, 6, 24]
[31, 64, 72, 51, 61, 8, 58, 63, 7, 36, 74, 24, 97, 42, 55, 25, 88, 78, 91, 89, 34, 57, 23, 72, 73, 88, 61, 87, 31, 36]
[30, 68, 42, 86, 19, 74, 83, 77, 77, 62, 8, 25, 90, 75, 51, 41, 74, 45, 82, 69, 57, 97, 84, 13, 60, 35, 20, 95, 13, 94]
[31, 73, 17, 28, 86, 82, 93, 91, 84, 66, 80, 82, 70, 3, 23, 73, 20, 16, 48, 42, 88, 17, 76, 49, 83, 7, 33, 12, 26, 17]
[26, 16, 17, 26, 75, 71, 27, 49, 23, 9, 68, 5, 52, 52, 49, 98, 11, 55, 45, 56, 34, 38, 22, 80, 10, 82, 5, 45, 18, 68]
[2, 30, 10, 7, 28, 62, 22, 77, 95, 31, 42, 42, 67, 7, 98, 83, 51, 64, 80, 45, 54, 29, 26, 84, 62, 65, 83, 81, 66, 42]
[84, 47, 35, 49, 12, 12, 64, 44, 27, 92, 5, 55, 23, 69, 13, 43, 77, 53, 83, 96, 30, 24, 99, 88, 67, 4, 65, 65, 35, 24]
[70, 37, 94, 24, 17, 56, 61, 96, 85, 93, 27, 35, 51, 50, 94, 92, 73, 46, 22, 12, 61, 5, 82, 25, 66, 61, 65, 95, 3, 69]
[9, 99, 2, 63, 74, 65, 16, 62, 18, 53, 14, 21, 25, 55, 10, 84, 56, 25, 6, 6, 6, 93, 19, 7, 9, 39, 66, 43, 18, 24]
[72, 94, 65, 80, 98, 39, 63, 54, 32, 43, 70, 34, 61, 67, 8, 28, 55, 34, 17, 88, 23, 45, 8, 49, 24, 41, 4, 82, 32, 23]
[12, 4, 57, 32, 95, 15, 66, 92, 53, 62, 98, 58, 39, 67, 21, 89, 76, 2, 42, 52, 84, 46, 18, 10, 81, 75, 22, 76, 43, 20]
[9, 54, 87, 77, 25, 67, 81, 12, 61, 90, 51, 2, 56, 67, 69, 78, 52, 6, 12, 44, 41, 19, 42, 27, 14, 63, 94, 58, 91, 95]
[65, 39, 11, 47, 47, 93, 41, 70, 60, 50, 43, 10, 25, 46, 80, 94, 9, 28, 33, 12, 69, 5, 5, 32, 9, 74, 22, 65, 72, 13]
[34, 35, 76, 29, 53, 69, 20, 66, 22, 24, 15, 95, 84, 97, 69, 87, 38, 18, 94, 81, 34, 30, 45, 89, 58, 66, 41, 61, 68, 74]
[58, 37, 85, 32, 27, 56, 23, 10, 60, 28, 65, 56, 66, 38, 65, 63, 18, 59, 34, 63, 50, 80, 91, 12, 15, 79, 52, 57, 91, 12]
[84, 70, 87, 55, 8, 12, 19, 9, 33, 93, 56, 14, 93, 99, 6, 90, 26, 87, 74, 11, 35, 5, 55, 71, 35, 20, 35, 74, 89, 46]
[84, 95, 98, 66, 19, 27, 51, 8, 65, 21, 67, 46, 71, 99, 21, 30, 99, 90, 16, 79, 86, 65, 66, 85, 23, 50, 16, 96, 65, 23]
[37, 74, 3, 79, 27, 16, 32, 54, 78, 1, 20, 56, 13, 46, 66, 1, 39, 32, 15, 75, 87, 36, 75, 44, 72, 68, 95, 99, 22, 46]
[5, 33, 93, 97, 38, 74, 33, 36, 9, 46, 76, 2, 71, 89, 5, 76, 83, 8, 55, 63, 4, 21, 81, 32, 29, 9, 61, 36, 9, 47]
[35, 63, 7, 90, 59, 15, 32, 19, 86, 74, 31, 81, 62, 4, 32, 50, 22, 59, 24, 95, 67, 27, 35, 56, 86, 27, 43, 61, 25, 71]
[2, 23, 1, 98, 41, 96, 48, 8, 22, 32, 83, 99, 95, 77, 35, 57, 74, 32, 58, 75, 65, 20, 26, 39, 54, 63, 39, 66, 36, 16]
];

# jobs routes
jr = [
[OSSP]
[OSSP]
[OSSP]
[OSSP]
[OSSP]
[OSSP]
[OSSP]
[OSSP]
[OSSP]
[OSSP]
[OSSP]
[OSSP]
[OSSP]
[OSSP]
[OSSP]
[OSSP]
[OSSP]
[OSSP]
[OSSP]
[OSSP]
[OSSP]
[OSSP]
[OSSP]
[OSSP]
[OSSP]
[7, 29, 16, 30, 26, 20, 22, 4, 15, 27, 9, 23, 18, 2, 25, 14, 24, 8, 5, 6, 19, 3, 11, 21, 1, 17, 13, 12, 10, 28]
[25, 21, 26, 12, 4, 22, 28, 15, 7, 3, 30, 24, 9, 10, 6, 11, 23, 20, 2, 29, 1, 13, 16, 17, 5, 18, 19, 27, 14, 8]
[3, 15, 28, 8, 11, 12, 25, 5, 18, 27, 9, 14, 30, 29, 2, 13, 21, 1, 6, 17, 20, 10, 16, 4, 23, 22, 24, 7, 26, 19]
[28, 27, 2, 15, 11, 13, 6, 18, 3, 8, 10, 24, 23, 19, 14, 1, 16, 4, 20, 9, 30, 17, 5, 29, 22, 21, 25, 12, 7, 26]
[26, 24, 9, 29, 2, 11, 12, 19, 15, 14, 22, 23, 3, 20, 1, 28, 13, 4, 10, 25, 16, 18, 8, 21, 27, 30, 5, 6, 17, 7]
];