# INSTANCE PM MSSP_50x50_OSSP_JOBS_15_INST_04

Jobs = 50;
Machines = 50;

# machines in parallel
Capacity = [3,3,2,3,3,3,2,2,2,2,2,1,2,1,1,3,3,2,2,2,1,3,2,3,1,2,3,1,3,1,1,3,1,1,3,1,2,3,1,1,2,2,3,1,3,2,2,2,1,1];

# processing times
pt = [
[69,36,55,27,5,21,7,68,97,93,88,61,37,96,19,19,99,58,83,26,57,71,56,95,12,38,52,20,57,16,71,55,54,47,3,25,51,52,80,37,17,13,89,61,21,99,51,85,22,97]
[40,66,60,32,57,31,74,4,34,51,82,19,46,10,82,51,28,84,67,90,54,22,44,82,62,72,93,61,48,20,95,49,77,64,60,59,33,85,54,21,28,3,78,94,61,78,95,23,63,74]
[93,52,66,14,12,17,69,62,13,18,11,33,29,89,80,69,12,86,32,46,95,45,96,12,19,28,37,16,30,15,26,74,47,27,4,62,33,6,69,72,84,91,61,44,38,60,25,11,9,90]
[38,63,58,73,27,67,55,68,42,10,73,16,19,78,67,5,90,75,98,7,38,24,96,88,24,18,93,25,81,55,48,20,54,79,90,57,90,11,54,96,62,89,53,48,27,54,59,70,51,87]
[40,48,53,77,33,55,38,70,50,90,80,81,9,83,91,85,96,96,79,35,54,11,88,7,52,8,14,22,44,76,51,77,81,58,62,42,3,2,10,30,99,55,86,55,34,29,75,4,47,57]
[18,41,81,86,42,53,58,86,54,73,46,30,96,64,29,85,75,75,97,63,74,20,56,16,23,73,14,46,15,47,11,43,27,49,63,95,46,32,44,52,69,48,65,27,43,6,27,82,44,16]
[63,50,99,49,68,14,95,23,61,22,1,89,80,34,27,35,41,14,93,70,10,42,49,57,39,35,3,60,51,50,81,2,42,29,86,23,46,86,30,48,62,36,70,81,12,40,66,61,52,29]
[22,91,81,5,79,62,6,79,7,70,99,34,84,78,28,70,54,4,32,86,50,37,4,89,55,24,17,3,33,88,3,24,95,80,66,75,34,20,80,66,77,48,26,59,60,29,13,87,33,59]
[84,59,39,56,5,36,74,18,15,84,38,44,40,66,6,84,47,37,40,60,97,34,46,82,56,87,23,40,83,40,70,72,84,86,59,60,50,33,20,27,17,25,63,74,84,46,26,42,2,13]
[24,51,1,72,61,99,27,93,46,11,82,10,58,11,78,59,80,13,73,60,69,89,4,78,93,56,74,9,90,4,46,89,59,14,6,80,90,80,19,25,65,18,56,31,84,79,2,87,80,45]
[85,71,54,89,2,26,11,6,35,70,43,53,5,1,95,47,7,4,48,14,56,3,77,43,26,49,50,58,24,70,87,34,94,12,78,80,85,30,78,61,84,88,21,37,39,14,60,79,6,1]
[52,84,83,91,85,69,43,98,25,92,61,98,62,73,62,83,93,47,71,57,60,37,25,4,9,85,44,65,34,72,42,35,62,14,89,42,71,52,71,79,41,70,25,88,10,39,78,98,5,6]
[92,29,76,35,55,9,89,87,10,50,33,99,48,59,76,19,60,12,87,91,20,37,11,22,4,22,87,71,96,81,20,48,97,23,57,80,56,69,88,96,47,60,80,60,28,4,66,79,85,48]
[98,83,42,19,33,78,5,8,94,40,12,75,54,34,74,48,9,32,76,85,44,15,8,66,55,32,6,6,93,6,37,88,40,39,85,50,54,60,70,91,12,16,9,49,22,4,62,26,84,79]
[68,42,55,45,78,52,72,62,16,85,59,7,95,12,45,28,76,24,6,49,58,68,45,84,18,31,27,43,94,87,44,86,73,14,28,85,69,23,73,60,36,91,57,81,70,42,65,24,80,67]
[9,92,1,8,46,11,78,71,31,77,81,88,43,71,51,25,46,97,67,37,78,52,87,92,63,92,54,59,8,57,18,15,18,87,87,66,35,13,41,44,50,70,12,82,23,92,22,93,69,95]
[9,2,34,80,88,52,21,79,35,46,72,29,24,62,37,16,35,44,9,7,88,45,48,88,71,89,1,58,52,70,77,46,34,31,95,55,32,57,36,98,61,2,48,31,15,55,53,21,61,83]
[12,40,8,38,39,30,4,59,42,24,59,33,48,70,32,38,92,70,98,64,31,26,26,99,53,9,29,80,87,15,11,48,33,62,60,76,31,37,24,76,42,90,7,37,5,19,65,30,29,70]
[81,53,58,50,89,99,74,63,78,22,71,26,75,57,38,71,15,26,3,4,36,27,44,95,1,46,91,7,26,65,91,57,44,21,80,9,2,70,52,18,36,49,50,85,24,82,8,87,41,66]
[8,10,57,46,9,34,54,45,93,24,24,16,54,85,23,49,13,30,89,26,99,8,61,88,13,37,55,72,78,97,34,80,56,61,78,1,75,27,36,91,88,73,53,66,11,25,41,76,44,24]
[6,74,46,5,6,3,46,76,18,80,63,23,33,88,37,47,52,92,17,10,99,34,4,63,2,39,10,96,56,38,66,27,95,46,90,95,92,37,29,58,33,32,53,38,47,57,77,46,83,87]
[15,3,29,13,63,23,79,80,34,37,62,5,81,66,10,78,84,19,76,11,53,79,43,80,96,77,57,39,62,68,26,98,25,89,95,92,23,42,57,61,85,80,17,19,46,49,23,66,55,25]
[13,48,47,96,72,48,82,53,3,28,69,17,44,60,92,70,41,85,98,4,36,74,46,67,36,28,40,68,47,9,87,95,46,53,41,75,95,64,25,7,58,11,56,69,96,59,13,72,92,79]
[64,35,61,48,97,22,25,3,29,10,58,24,5,84,40,26,35,69,45,23,7,27,42,63,5,3,14,85,49,7,65,50,44,47,84,27,80,51,62,58,92,92,10,76,6,10,64,98,59,1]
[83,13,98,8,55,9,3,58,60,68,21,18,19,19,8,15,10,5,48,97,58,25,54,57,54,69,76,39,5,83,96,68,60,7,28,5,61,22,38,97,16,90,42,95,93,26,27,99,67,24]
[86,74,42,37,55,49,40,44,21,89,5,71,41,9,42,67,49,86,66,11,57,26,6,96,38,31,52,12,81,80,86,13,97,44,23,29,97,73,8,49,73,54,51,77,74,8,92,8,11,91]
[31,52,32,50,85,88,62,85,11,75,94,63,19,65,11,39,90,2,93,31,8,50,74,55,17,33,84,67,12,60,50,30,53,54,21,80,15,90,44,40,68,6,67,94,64,9,17,3,48,17]
[18,83,35,79,5,33,77,1,93,34,44,30,89,32,7,8,75,47,36,8,89,6,78,27,56,40,99,93,53,65,60,44,55,48,29,95,8,22,83,33,49,12,68,79,37,44,24,7,46,81]
[59,66,16,57,97,33,80,52,45,38,3,55,36,83,96,13,99,64,3,58,34,50,34,4,19,92,96,88,42,77,17,88,87,42,94,15,1,78,88,47,3,79,90,91,26,25,2,42,68,60]
[43,53,43,18,32,85,86,36,92,20,61,77,86,65,21,86,92,41,49,80,2,25,17,78,16,40,13,81,31,88,60,15,80,62,75,22,12,79,5,87,36,94,9,73,10,10,96,42,9,56]
[63,95,36,91,94,74,9,74,98,39,29,77,61,25,72,80,42,67,90,99,74,75,3,77,69,39,23,77,84,49,21,61,91,66,2,54,81,59,67,17,49,43,35,37,90,69,89,88,34,55]
[2,4,18,70,74,89,19,40,59,13,56,71,49,20,79,17,12,24,35,26,97,6,91,39,28,97,21,78,48,75,60,91,75,47,78,31,83,72,31,90,46,80,81,10,34,22,6,65,50,82]
[72,82,44,44,56,99,86,26,93,24,52,90,8,60,86,88,8,79,74,45,20,82,12,17,83,62,69,73,85,1,87,26,75,48,90,44,34,73,18,79,17,54,65,41,37,43,87,74,22,59]
[68,26,80,64,57,11,74,80,25,63,53,97,36,32,66,72,52,14,75,60,36,72,59,57,71,51,34,9,94,55,85,92,37,50,17,12,89,19,54,12,55,79,67,92,77,59,61,79,42,58]
[50,48,79,54,30,68,83,19,9,71,50,91,98,57,90,46,8,34,33,90,14,9,87,20,39,83,48,95,54,35,92,30,29,47,89,13,97,25,87,24,78,63,46,45,85,96,46,14,86,81]
[87,41,12,76,28,71,11,14,12,9,17,69,26,82,48,28,39,36,62,11,59,35,82,1,64,90,75,77,80,70,29,76,2,27,16,36,13,9,88,24,70,79,40,6,47,3,91,40,92,60]
[48,89,12,65,89,68,2,94,44,6,54,93,62,13,14,37,96,2,7,29,82,39,19,9,46,58,53,15,14,65,41,37,57,72,80,52,18,23,82,18,65,55,85,47,70,15,98,80,96,27]
[59,32,61,71,31,71,76,40,55,13,4,37,82,77,24,35,83,82,24,72,72,76,81,97,19,73,2,43,20,47,1,80,4,33,53,23,5,66,26,55,94,91,36,73,44,69,8,57,11,16]
[39,55,22,3,62,3,47,99,9,27,44,55,56,82,40,15,42,22,67,78,64,82,2,60,47,15,76,25,30,71,82,21,68,11,13,29,32,16,60,2,38,63,50,20,74,65,97,51,53,67]
[84,61,6,46,8,82,89,37,69,91,12,48,88,65,90,19,85,58,32,65,27,58,6,65,31,49,72,29,6,82,9,55,10,37,26,3,85,26,33,19,23,30,75,28,67,37,13,59,32,88]
[13,86,94,18,6,67,73,37,18,69,70,20,28,14,93,32,27,14,84,22,95,82,43,19,88,50,76,77,46,49,10,97,68,79,94,95,62,28,15,17,12,6,95,19,92,55,85,33,25,22]
[36,53,5,62,57,24,11,67,48,55,66,29,23,62,75,87,49,98,79,71,56,59,14,94,91,21,87,69,90,42,63,44,23,44,80,73,39,23,31,2,73,40,74,94,37,87,46,40,8,94]
[56,52,58,55,87,82,57,72,26,40,6,20,25,56,93,99,34,40,80,23,25,96,50,76,90,67,74,31,42,41,73,23,6,99,12,56,37,72,4,71,46,1,54,93,81,72,35,18,69,96]
[64,43,8,53,44,72,43,69,1,71,44,70,58,72,34,71,73,86,38,90,71,43,60,57,26,24,87,52,78,18,4,27,94,78,75,52,47,71,28,8,49,94,79,30,14,37,60,32,23,50]
[33,69,54,84,22,18,99,5,14,60,73,43,46,7,32,69,54,53,34,83,19,81,39,36,41,73,75,20,53,97,86,55,28,35,44,29,66,47,18,61,45,38,92,28,92,7,69,52,57,19]
[87,28,29,23,73,71,31,25,78,82,88,90,92,17,4,3,91,66,33,98,36,39,79,90,99,78,94,23,53,20,30,13,32,54,6,4,8,51,19,58,28,52,34,59,18,64,33,79,36,6]
[43,63,52,91,44,49,60,77,21,97,23,39,61,94,19,95,56,25,36,27,7,13,55,62,3,9,13,74,90,26,94,48,70,38,39,93,10,87,32,43,80,41,22,79,23,26,32,58,68,22]
[66,61,27,64,23,40,27,38,82,20,20,96,35,69,18,65,93,37,50,20,85,58,64,49,29,86,9,83,46,19,26,44,25,44,99,95,12,94,39,43,49,31,13,85,24,20,76,85,14,32]
[44,37,98,61,55,33,90,95,96,26,66,33,14,85,23,44,74,31,84,55,81,74,74,26,61,56,36,58,87,34,8,75,95,70,34,98,21,68,86,91,77,35,28,76,66,33,49,71,27,80]
[32,69,21,2,17,28,60,43,8,28,80,5,38,16,65,31,37,43,21,8,31,21,30,51,88,74,16,86,24,90,89,45,50,32,68,59,26,62,75,3,36,4,9,96,30,44,80,39,28,5]
];

# jobs routes
jr = [
[OSSP]
[OSSP]
[OSSP]
[OSSP]
[OSSP]
[OSSP]
[OSSP]
[OSSP]
[OSSP]
[OSSP]
[OSSP]
[OSSP]
[OSSP]
[OSSP]
[OSSP]
[23, 39, 37, 38, 44, 26, 5, 2, 6, 40, 9, 34, 49, 20, 35, 28, 10, 45, 12, 1, 48, 13, 8, 17, 21, 33, 18, 24, 42, 15, 32, 7, 3, 50, 30, 29, 4, 46, 31, 16, 47, 11, 19, 14, 25, 36, 27, 22, 41, 43]
[49, 37, 45, 8, 10, 50, 48, 5, 12, 19, 15, 46, 34, 22, 30, 20, 7, 44, 41, 16, 21, 6, 26, 9, 32, 42, 27, 47, 17, 3, 35, 25, 39, 14, 33, 36, 13, 28, 23, 18, 1, 11, 4, 40, 43, 31, 24, 38, 2, 29]
[2, 47, 16, 3, 22, 35, 18, 46, 26, 33, 11, 44, 43, 29, 37, 50, 14, 8, 39, 10, 7, 34, 12, 41, 40, 9, 32, 6, 45, 15, 4, 23, 36, 27, 38, 48, 20, 25, 21, 19, 1, 49, 5, 30, 31, 17, 24, 28, 42, 13]
[28, 50, 45, 6, 23, 47, 5, 38, 19, 4, 31, 20, 10, 22, 30, 1, 12, 32, 25, 3, 36, 24, 16, 9, 18, 46, 11, 7, 43, 27, 8, 26, 49, 2, 14, 29, 34, 41, 13, 39, 15, 17, 37, 42, 35, 44, 21, 40, 48, 33]
[35, 37, 18, 33, 47, 7, 41, 29, 17, 40, 5, 10, 50, 28, 39, 36, 14, 46, 4, 31, 12, 43, 3, 16, 48, 1, 21, 34, 30, 42, 6, 22, 20, 23, 24, 45, 49, 32, 2, 26, 19, 25, 15, 8, 44, 13, 11, 27, 38, 9]
[20, 26, 38, 8, 33, 31, 32, 35, 50, 9, 18, 40, 43, 4, 24, 34, 1, 5, 47, 16, 30, 21, 29, 15, 45, 11, 7, 48, 28, 44, 14, 36, 42, 41, 25, 2, 19, 13, 39, 46, 49, 12, 17, 10, 23, 37, 3, 27, 6, 22]
[34, 10, 30, 42, 37, 4, 18, 48, 29, 46, 1, 45, 11, 13, 39, 7, 31, 28, 36, 23, 6, 35, 40, 9, 43, 15, 2, 12, 49, 19, 38, 21, 8, 26, 14, 27, 3, 41, 44, 50, 5, 33, 22, 16, 47, 32, 20, 25, 24, 17]
[20, 45, 36, 49, 24, 9, 44, 2, 15, 39, 12, 25, 8, 23, 30, 43, 21, 40, 42, 27, 13, 19, 26, 31, 29, 37, 17, 32, 14, 47, 4, 34, 3, 22, 16, 18, 50, 7, 35, 6, 5, 28, 41, 1, 46, 11, 33, 10, 38, 48]
[22, 47, 39, 41, 14, 25, 36, 37, 11, 15, 44, 49, 13, 18, 29, 12, 16, 24, 8, 31, 23, 35, 19, 1, 38, 7, 50, 10, 21, 3, 42, 27, 40, 45, 43, 46, 32, 20, 9, 48, 28, 34, 26, 2, 30, 4, 6, 5, 17, 33]
[12, 35, 42, 20, 3, 47, 24, 8, 36, 38, 2, 49, 44, 23, 25, 29, 10, 41, 6, 18, 14, 34, 13, 40, 45, 30, 50, 19, 37, 7, 32, 5, 48, 15, 46, 31, 17, 1, 11, 28, 22, 27, 21, 16, 4, 9, 33, 26, 43, 39]
[28, 15, 8, 5, 3, 50, 16, 20, 31, 35, 6, 17, 36, 39, 19, 38, 34, 42, 48, 44, 40, 47, 18, 30, 49, 27, 41, 21, 37, 25, 2, 22, 4, 7, 45, 46, 26, 43, 32, 24, 23, 14, 12, 29, 9, 1, 10, 33, 13, 11]
[5, 30, 27, 20, 15, 8, 25, 21, 6, 36, 48, 38, 23, 34, 18, 41, 46, 3, 49, 29, 45, 14, 22, 16, 10, 28, 44, 32, 19, 35, 31, 33, 43, 2, 11, 12, 4, 40, 42, 17, 50, 13, 24, 26, 37, 7, 47, 39, 1, 9]
[16, 8, 15, 43, 26, 20, 17, 42, 36, 2, 18, 6, 37, 12, 30, 33, 21, 5, 9, 28, 22, 10, 49, 41, 35, 40, 24, 3, 47, 46, 45, 27, 29, 44, 7, 34, 32, 14, 23, 31, 11, 38, 4, 1, 50, 25, 39, 48, 19, 13]
[48, 23, 49, 31, 8, 33, 13, 40, 29, 24, 37, 17, 12, 19, 32, 21, 27, 44, 16, 7, 22, 30, 42, 43, 14, 39, 6, 50, 18, 46, 3, 1, 26, 10, 41, 20, 34, 36, 4, 2, 47, 15, 25, 35, 45, 5, 11, 28, 9, 38]
[35, 38, 13, 32, 3, 22, 17, 23, 43, 36, 34, 44, 39, 14, 37, 31, 30, 6, 27, 2, 12, 20, 46, 28, 26, 4, 11, 33, 49, 18, 50, 24, 19, 8, 15, 48, 29, 16, 5, 41, 42, 7, 1, 25, 9, 40, 45, 47, 21, 10]
[17, 21, 34, 22, 5, 38, 36, 2, 35, 37, 4, 26, 6, 28, 7, 3, 16, 1, 48, 25, 49, 8, 19, 11, 15, 23, 32, 39, 41, 18, 10, 47, 20, 40, 30, 46, 45, 50, 44, 42, 12, 33, 43, 13, 24, 27, 31, 29, 14, 9]
[39, 48, 3, 18, 11, 17, 45, 6, 37, 35, 20, 41, 5, 33, 10, 14, 46, 13, 22, 26, 34, 8, 19, 23, 21, 38, 24, 27, 47, 40, 9, 29, 42, 44, 16, 49, 12, 15, 25, 7, 28, 36, 31, 2, 30, 50, 32, 1, 43, 4]
[20, 47, 4, 18, 49, 46, 29, 33, 48, 21, 39, 2, 34, 5, 43, 9, 24, 26, 44, 32, 30, 41, 3, 22, 23, 6, 14, 15, 19, 11, 28, 37, 16, 42, 1, 40, 8, 12, 25, 36, 38, 50, 27, 35, 17, 45, 31, 13, 10, 7]
[35, 13, 5, 22, 24, 50, 17, 37, 28, 2, 43, 25, 30, 7, 33, 29, 26, 49, 34, 12, 44, 1, 6, 3, 18, 4, 47, 15, 16, 14, 27, 45, 31, 11, 19, 36, 21, 9, 46, 48, 42, 40, 20, 23, 32, 41, 8, 10, 39, 38]
[1, 21, 28, 44, 50, 26, 30, 18, 9, 17, 15, 35, 20, 36, 40, 29, 49, 12, 33, 31, 22, 48, 25, 47, 42, 38, 3, 13, 2, 23, 7, 39, 34, 16, 24, 14, 10, 43, 32, 41, 37, 45, 6, 5, 46, 8, 19, 11, 4, 27]
[22, 20, 27, 36, 17, 29, 23, 34, 6, 4, 45, 13, 7, 42, 21, 50, 3, 15, 10, 25, 49, 40, 41, 38, 47, 31, 24, 2, 19, 12, 48, 33, 43, 32, 26, 16, 37, 39, 5, 9, 35, 8, 30, 11, 14, 28, 18, 44, 46, 1]
[23, 43, 17, 49, 13, 44, 34, 31, 33, 27, 42, 4, 19, 40, 22, 30, 50, 25, 15, 36, 24, 39, 20, 3, 9, 35, 11, 48, 5, 1, 37, 14, 45, 8, 38, 26, 41, 12, 47, 6, 29, 18, 10, 21, 16, 32, 28, 2, 7, 46]
[22, 41, 36, 5, 7, 18, 28, 33, 11, 44, 19, 23, 10, 6, 16, 42, 43, 9, 38, 32, 8, 46, 30, 24, 17, 2, 49, 40, 1, 45, 15, 34, 25, 50, 35, 31, 21, 29, 3, 4, 27, 12, 39, 48, 47, 13, 37, 20, 26, 14]
[38, 5, 23, 3, 21, 40, 1, 36, 16, 14, 48, 12, 25, 13, 15, 29, 31, 22, 11, 43, 9, 35, 10, 8, 46, 45, 27, 49, 26, 32, 41, 44, 39, 7, 33, 17, 4, 47, 30, 19, 28, 2, 37, 50, 20, 34, 24, 42, 6, 18]
[47, 33, 20, 46, 5, 27, 7, 10, 36, 30, 32, 37, 49, 41, 13, 43, 4, 23, 16, 6, 11, 22, 45, 17, 2, 28, 34, 25, 38, 31, 21, 14, 44, 3, 9, 12, 48, 18, 35, 19, 40, 1, 26, 42, 39, 29, 8, 15, 24, 50]
[20, 4, 5, 15, 38, 32, 10, 13, 12, 35, 3, 6, 50, 25, 1, 23, 44, 33, 26, 8, 17, 36, 19, 22, 7, 2, 27, 11, 39, 28, 42, 45, 43, 16, 30, 49, 41, 48, 31, 21, 47, 9, 18, 29, 37, 46, 14, 34, 40, 24]
[25, 26, 44, 43, 10, 41, 14, 45, 20, 6, 40, 29, 12, 13, 21, 11, 49, 32, 35, 24, 15, 8, 1, 2, 33, 18, 22, 27, 47, 7, 28, 38, 37, 39, 5, 31, 50, 48, 23, 42, 4, 16, 9, 36, 46, 3, 34, 30, 17, 19]
[49, 30, 22, 41, 47, 21, 10, 29, 9, 27, 36, 17, 46, 4, 25, 48, 43, 38, 44, 42, 2, 23, 26, 16, 11, 19, 35, 12, 5, 7, 20, 33, 32, 13, 6, 8, 28, 37, 39, 31, 1, 45, 34, 15, 50, 18, 24, 14, 3, 40]
[49, 27, 37, 3, 11, 16, 24, 46, 9, 2, 43, 14, 5, 28, 4, 38, 41, 35, 12, 42, 20, 23, 36, 39, 50, 30, 22, 26, 25, 21, 8, 48, 31, 44, 19, 34, 15, 7, 1, 40, 29, 32, 10, 6, 47, 18, 45, 33, 17, 13]
[1, 3, 35, 23, 27, 26, 29, 41, 13, 22, 11, 7, 49, 16, 21, 30, 44, 8, 17, 25, 24, 46, 38, 39, 50, 28, 12, 20, 14, 2, 36, 47, 37, 40, 45, 42, 34, 48, 33, 19, 10, 15, 6, 9, 5, 32, 31, 43, 4, 18]
[42, 26, 49, 3, 41, 2, 28, 7, 10, 31, 35, 17, 33, 45, 25, 16, 34, 18, 44, 13, 37, 46, 38, 29, 36, 6, 14, 9, 5, 43, 11, 22, 50, 40, 32, 23, 1, 8, 20, 12, 21, 24, 15, 27, 4, 19, 39, 47, 48, 30]
[39, 17, 2, 6, 40, 19, 33, 31, 15, 22, 32, 47, 23, 29, 8, 36, 14, 12, 43, 49, 41, 27, 48, 5, 30, 13, 16, 44, 38, 37, 26, 46, 25, 4, 11, 28, 21, 3, 20, 34, 24, 35, 10, 45, 1, 9, 18, 42, 50, 7]
[24, 18, 49, 30, 26, 16, 7, 9, 39, 31, 38, 8, 17, 22, 43, 37, 1, 48, 13, 47, 12, 25, 34, 35, 2, 10, 44, 29, 3, 15, 46, 21, 45, 42, 19, 11, 6, 40, 14, 33, 50, 36, 5, 23, 20, 4, 27, 41, 32, 28]
[34, 48, 33, 24, 27, 3, 29, 25, 28, 45, 20, 16, 46, 22, 13, 10, 41, 14, 6, 1, 26, 35, 30, 23, 9, 42, 15, 38, 36, 18, 4, 37, 5, 2, 39, 12, 47, 40, 50, 43, 17, 44, 7, 49, 19, 11, 8, 21, 32, 31]
[44, 12, 48, 20, 13, 3, 32, 4, 40, 24, 41, 10, 39, 8, 45, 6, 37, 21, 23, 38, 31, 7, 42, 49, 33, 2, 34, 16, 22, 11, 46, 30, 5, 9, 43, 27, 1, 35, 15, 50, 26, 28, 25, 17, 36, 29, 18, 19, 47, 14]
];