# INSTANCE PM MSSP_50x50_OSSP_JOBS_40_INST_01

Jobs = 50;
Machines = 50;

# machines in parallel
Capacity = [3,3,2,3,3,3,2,2,2,2,2,1,2,1,1,3,3,2,2,2,1,3,2,3,1,2,3,1,3,1,1,3,1,1,3,1,2,3,1,1,2,2,3,1,3,2,2,2,1,1];

# processing times
pt = [
[72,29,58,67,34,89,78,64,37,33,65,48,40,44,55,99,97,48,12,77,6,23,92,8,85,93,17,5,56,91,69,18,12,80,59,57,26,60,53,20,40,18,66,62,27,91,97,40,4,41]
[66,19,86,56,36,82,2,56,61,18,29,49,74,74,66,32,93,33,15,99,98,21,72,56,89,15,3,88,68,63,41,8,32,23,50,93,96,22,38,57,62,14,56,73,44,47,39,85,61,59]
[58,83,13,31,63,58,32,57,90,69,59,59,31,1,43,7,74,52,93,66,98,21,75,29,2,98,4,82,8,54,81,2,49,91,19,59,83,17,58,87,24,62,18,50,83,87,10,58,12,78]
[24,51,55,30,11,65,4,86,42,59,27,72,90,21,86,74,94,53,69,11,28,38,87,64,31,82,48,99,62,12,60,73,48,9,35,47,57,8,74,53,77,88,86,25,94,54,37,59,38,66]
[8,89,6,54,45,69,17,30,71,35,64,11,99,91,31,7,30,8,56,37,23,88,65,43,17,13,45,96,28,5,88,26,1,94,68,2,89,12,60,29,53,50,35,49,14,81,40,70,99,60]
[77,2,78,28,98,16,16,92,8,14,50,6,20,50,6,35,80,93,36,72,7,16,74,77,91,72,77,55,34,86,14,55,83,82,46,13,55,94,59,24,13,59,71,41,34,52,64,47,37,7]
[49,70,81,17,39,51,89,28,29,32,81,60,38,86,42,21,42,3,99,4,19,40,97,27,51,54,40,25,56,76,28,51,56,28,61,4,84,41,15,78,41,55,27,70,48,49,30,37,47,2]
[84,93,70,75,97,99,8,40,90,72,65,34,53,30,87,15,91,26,21,79,28,32,30,42,91,23,82,30,37,10,13,72,28,83,4,85,3,67,89,77,57,34,26,90,81,54,83,98,48,28]
[54,21,54,68,65,53,95,45,71,43,10,59,74,87,62,15,43,47,66,49,58,41,63,57,66,97,78,32,79,69,44,61,95,77,75,19,88,28,34,16,92,10,46,32,68,60,8,57,79,22]
[73,1,87,82,20,60,93,49,28,85,68,37,97,58,59,95,64,80,8,17,41,3,26,48,3,61,22,41,94,11,64,15,77,62,36,49,25,92,94,48,81,38,74,87,2,32,72,89,17,62]
[55,78,57,34,93,81,9,57,49,54,33,27,50,45,43,84,93,40,95,55,16,99,19,54,85,65,38,97,44,83,55,95,58,75,81,93,18,41,60,72,5,92,69,57,9,54,86,2,46,87]
[30,17,24,44,37,41,22,3,34,87,72,35,5,51,7,28,70,25,63,61,19,93,74,27,96,10,30,62,69,28,41,37,93,1,35,25,85,84,37,43,50,87,44,90,82,16,74,10,37,12]
[17,62,10,84,56,16,13,83,15,61,35,23,86,41,19,69,35,65,43,60,81,21,65,97,23,55,90,93,97,81,29,7,14,87,20,36,16,92,97,76,32,8,64,10,32,71,51,10,12,96]
[74,56,99,58,92,34,14,39,38,59,37,6,95,69,19,81,27,44,83,24,56,61,52,47,55,74,95,97,2,70,24,1,87,81,76,90,30,57,57,44,27,90,14,54,26,31,23,50,69,85]
[52,57,2,6,27,72,64,49,85,54,66,81,52,42,16,79,1,11,36,40,97,59,56,64,43,79,95,26,24,21,3,47,89,96,57,67,2,70,26,12,55,31,14,65,25,49,91,1,73,34]
[59,16,73,32,98,53,74,91,32,84,32,21,69,58,60,19,11,82,55,90,6,92,82,58,15,85,59,43,19,87,98,88,78,28,17,88,29,36,61,71,14,81,65,93,58,44,39,24,51,58]
[90,62,93,48,70,85,84,37,57,51,19,21,59,12,45,89,58,88,3,15,70,72,12,41,21,95,71,28,76,78,9,91,52,68,96,34,75,13,54,1,73,56,80,23,50,64,13,88,43,39]
[12,77,67,90,32,99,54,78,15,32,21,96,30,83,90,27,35,28,10,56,92,70,52,19,29,20,37,19,52,6,97,16,99,13,91,27,26,69,55,57,15,5,1,94,25,30,15,65,15,15]
[7,7,44,27,13,46,68,59,50,15,90,80,31,4,99,33,50,13,57,74,72,78,46,12,61,3,96,56,12,13,86,73,43,92,41,43,78,1,69,57,59,37,87,68,87,27,16,49,21,74]
[88,65,51,3,16,86,58,57,64,47,39,96,80,45,92,27,88,76,42,96,37,40,10,96,61,10,78,48,31,31,88,62,79,20,55,21,46,47,38,82,63,45,94,78,97,33,50,43,87,18]
[75,86,54,10,60,7,66,97,84,32,21,12,96,57,68,67,59,78,80,24,23,56,79,62,28,27,71,22,64,68,53,65,23,82,90,51,86,9,95,15,31,94,80,19,17,94,87,65,36,5]
[55,10,14,19,77,70,53,81,52,61,13,90,20,73,7,40,53,60,48,68,94,29,45,60,24,27,68,36,95,68,12,51,96,83,43,62,22,86,81,77,5,97,29,95,87,81,90,12,30,76]
[93,22,30,41,7,55,59,1,25,41,74,32,5,30,96,36,87,97,63,37,58,39,72,28,3,70,14,49,68,13,39,46,93,47,78,92,5,57,22,94,95,6,52,30,3,18,24,83,78,68]
[83,81,33,26,92,4,96,55,47,43,38,95,44,49,26,54,71,30,22,7,72,7,51,55,12,87,92,15,87,56,70,56,37,29,33,79,53,50,63,59,91,54,11,95,97,14,78,85,40,35]
[63,8,15,25,61,17,82,21,70,18,80,96,38,98,42,31,84,89,3,56,78,96,47,73,85,31,35,23,84,19,31,93,57,65,37,5,84,64,48,18,89,59,92,21,14,89,48,46,76,51]
[88,53,86,75,65,79,6,62,54,64,14,51,13,77,11,59,87,86,32,83,89,54,2,40,55,75,27,57,45,59,87,91,19,61,77,78,44,44,16,70,2,33,5,92,93,25,4,72,20,67]
[74,80,82,37,75,11,63,70,71,68,80,32,26,30,66,97,37,49,84,89,24,5,65,66,19,72,80,28,60,30,89,30,78,12,80,28,2,99,88,25,81,6,74,27,48,81,19,19,73,26]
[74,21,68,84,44,48,18,70,98,43,57,46,68,85,37,40,90,74,23,21,72,80,79,97,6,74,56,83,21,9,47,76,29,46,22,39,46,64,72,19,80,7,87,23,44,26,59,32,23,53]
[55,17,95,48,99,24,53,14,77,45,39,56,57,92,39,22,57,23,1,16,3,22,46,89,1,33,64,89,49,27,50,39,14,71,86,87,92,34,71,75,54,78,92,94,68,44,6,14,29,40]
[8,75,24,32,26,46,12,51,82,93,41,4,93,85,19,5,48,85,84,80,57,86,32,29,66,86,73,22,53,38,12,8,2,72,68,4,36,14,21,49,46,59,73,92,15,41,6,24,79,57]
[14,38,77,23,48,45,94,78,15,90,9,58,67,34,12,74,44,12,38,11,97,76,4,18,36,22,56,69,10,64,43,53,63,54,45,74,61,33,11,5,19,81,73,37,97,44,41,75,71,98]
[80,79,99,98,59,67,44,38,19,38,67,10,41,78,22,30,3,37,22,92,98,37,90,24,40,1,77,50,69,82,11,70,69,52,63,38,37,74,63,87,23,59,54,6,17,36,17,58,63,97]
[40,25,91,34,49,61,28,22,80,49,99,69,93,94,57,65,63,84,33,88,22,37,22,55,21,78,13,56,56,94,40,21,28,18,54,67,42,69,15,68,4,76,88,64,83,43,26,57,29,98]
[20,41,25,10,10,42,81,80,48,6,13,20,74,18,54,17,28,15,32,97,67,88,17,93,22,11,86,93,64,36,95,46,17,72,72,59,54,49,91,93,26,87,14,28,87,52,84,1,26,69]
[38,38,9,36,16,93,79,11,2,44,9,36,71,68,10,40,80,15,73,73,17,86,23,24,57,1,91,42,28,33,48,95,56,34,69,58,12,40,7,89,19,1,69,37,68,14,48,85,35,29]
[18,1,31,71,71,70,58,83,19,13,15,72,88,20,80,67,62,33,22,41,93,10,44,45,14,39,74,34,85,1,22,9,62,56,12,25,10,11,27,22,76,91,96,60,68,83,7,13,11,49]
[20,30,53,28,28,62,99,31,23,89,2,5,53,62,75,94,76,74,88,83,66,75,41,16,43,38,30,65,7,31,65,40,17,45,32,44,75,75,8,18,40,76,65,98,47,18,51,27,51,11]
[16,90,13,85,24,3,11,11,67,83,73,51,88,9,32,87,4,78,2,32,80,88,40,74,1,26,4,52,31,70,63,46,54,24,48,20,70,51,50,68,3,30,43,20,19,42,77,46,53,69]
[35,62,82,46,66,39,29,6,37,34,47,44,24,13,27,91,19,68,12,30,1,26,12,42,7,74,52,98,38,61,45,80,18,62,79,2,1,58,76,71,51,81,78,19,39,79,87,62,24,62]
[8,25,90,91,20,82,39,56,66,36,82,91,3,23,56,94,89,45,75,49,92,2,42,32,55,95,25,63,74,31,19,50,47,22,5,16,98,72,79,76,49,34,23,8,17,18,62,46,86,51]
[82,67,62,71,74,64,66,92,8,92,16,34,25,26,63,22,11,48,29,43,72,93,77,89,54,32,56,10,68,3,18,24,11,59,15,28,8,66,61,31,33,26,52,73,20,83,48,99,71,45]
[63,90,22,64,12,20,47,6,96,1,66,41,48,2,78,99,61,64,69,42,61,57,87,51,26,77,68,96,50,76,58,28,10,51,67,1,78,29,14,74,34,88,73,56,65,10,86,80,44,17]
[57,5,76,76,84,77,68,91,81,71,47,22,49,48,37,59,98,79,28,66,85,16,60,73,19,97,35,8,7,59,23,13,28,36,99,20,78,39,26,6,12,98,49,27,96,2,25,15,42,54]
[79,76,22,47,39,32,16,2,63,43,45,22,41,49,40,50,42,93,65,35,6,72,34,35,22,94,51,75,44,56,91,78,55,57,53,20,82,58,38,2,3,8,37,71,38,84,30,44,57,74]
[71,92,52,83,47,85,95,56,13,83,31,73,25,93,24,37,4,57,7,40,54,88,25,57,67,13,42,1,25,51,12,83,40,26,29,39,52,62,31,43,22,26,82,60,64,10,41,42,14,54]
[11,80,68,82,89,48,32,82,61,9,95,62,59,73,75,31,6,44,15,73,61,95,59,28,3,93,15,52,52,17,37,33,84,81,69,83,71,79,10,51,44,44,45,96,74,29,29,43,69,54]
[14,32,58,15,36,70,51,25,9,77,6,51,94,42,89,10,30,66,51,6,88,51,77,14,95,81,96,21,27,16,68,76,29,35,81,76,26,25,41,75,63,91,59,7,90,84,96,33,83,88]
[11,9,43,19,86,16,85,20,11,59,5,44,1,55,86,99,15,45,33,71,84,51,66,32,2,92,30,93,93,95,43,54,40,90,74,64,91,8,12,11,32,70,6,59,99,10,21,97,28,9]
[77,73,70,33,98,35,48,21,72,48,5,72,88,1,48,10,13,80,70,98,50,16,83,16,64,1,21,85,44,6,31,45,32,13,59,53,13,6,67,23,3,18,85,15,13,13,9,38,18,69]
[45,32,68,28,53,11,30,33,76,71,31,35,15,4,94,40,12,98,31,96,34,52,63,7,26,10,90,25,17,26,15,9,24,66,81,67,96,14,68,26,15,58,68,9,14,17,21,29,31,73]
];

# jobs routes
jr = [
[OSSP]
[OSSP]
[OSSP]
[OSSP]
[OSSP]
[OSSP]
[OSSP]
[OSSP]
[OSSP]
[OSSP]
[OSSP]
[OSSP]
[OSSP]
[OSSP]
[OSSP]
[OSSP]
[OSSP]
[OSSP]
[OSSP]
[OSSP]
[OSSP]
[OSSP]
[OSSP]
[OSSP]
[OSSP]
[OSSP]
[OSSP]
[OSSP]
[OSSP]
[OSSP]
[OSSP]
[OSSP]
[OSSP]
[OSSP]
[OSSP]
[OSSP]
[OSSP]
[OSSP]
[OSSP]
[OSSP]
[20, 4, 5, 15, 38, 32, 10, 13, 12, 35, 3, 6, 50, 25, 1, 23, 44, 33, 26, 8, 17, 36, 19, 22, 7, 2, 27, 11, 39, 28, 42, 45, 43, 16, 30, 49, 41, 48, 31, 21, 47, 9, 18, 29, 37, 46, 14, 34, 40, 24]
[25, 26, 44, 43, 10, 41, 14, 45, 20, 6, 40, 29, 12, 13, 21, 11, 49, 32, 35, 24, 15, 8, 1, 2, 33, 18, 22, 27, 47, 7, 28, 38, 37, 39, 5, 31, 50, 48, 23, 42, 4, 16, 9, 36, 46, 3, 34, 30, 17, 19]
[49, 30, 22, 41, 47, 21, 10, 29, 9, 27, 36, 17, 46, 4, 25, 48, 43, 38, 44, 42, 2, 23, 26, 16, 11, 19, 35, 12, 5, 7, 20, 33, 32, 13, 6, 8, 28, 37, 39, 31, 1, 45, 34, 15, 50, 18, 24, 14, 3, 40]
[49, 27, 37, 3, 11, 16, 24, 46, 9, 2, 43, 14, 5, 28, 4, 38, 41, 35, 12, 42, 20, 23, 36, 39, 50, 30, 22, 26, 25, 21, 8, 48, 31, 44, 19, 34, 15, 7, 1, 40, 29, 32, 10, 6, 47, 18, 45, 33, 17, 13]
[1, 3, 35, 23, 27, 26, 29, 41, 13, 22, 11, 7, 49, 16, 21, 30, 44, 8, 17, 25, 24, 46, 38, 39, 50, 28, 12, 20, 14, 2, 36, 47, 37, 40, 45, 42, 34, 48, 33, 19, 10, 15, 6, 9, 5, 32, 31, 43, 4, 18]
[42, 26, 49, 3, 41, 2, 28, 7, 10, 31, 35, 17, 33, 45, 25, 16, 34, 18, 44, 13, 37, 46, 38, 29, 36, 6, 14, 9, 5, 43, 11, 22, 50, 40, 32, 23, 1, 8, 20, 12, 21, 24, 15, 27, 4, 19, 39, 47, 48, 30]
[39, 17, 2, 6, 40, 19, 33, 31, 15, 22, 32, 47, 23, 29, 8, 36, 14, 12, 43, 49, 41, 27, 48, 5, 30, 13, 16, 44, 38, 37, 26, 46, 25, 4, 11, 28, 21, 3, 20, 34, 24, 35, 10, 45, 1, 9, 18, 42, 50, 7]
[24, 18, 49, 30, 26, 16, 7, 9, 39, 31, 38, 8, 17, 22, 43, 37, 1, 48, 13, 47, 12, 25, 34, 35, 2, 10, 44, 29, 3, 15, 46, 21, 45, 42, 19, 11, 6, 40, 14, 33, 50, 36, 5, 23, 20, 4, 27, 41, 32, 28]
[34, 48, 33, 24, 27, 3, 29, 25, 28, 45, 20, 16, 46, 22, 13, 10, 41, 14, 6, 1, 26, 35, 30, 23, 9, 42, 15, 38, 36, 18, 4, 37, 5, 2, 39, 12, 47, 40, 50, 43, 17, 44, 7, 49, 19, 11, 8, 21, 32, 31]
[44, 12, 48, 20, 13, 3, 32, 4, 40, 24, 41, 10, 39, 8, 45, 6, 37, 21, 23, 38, 31, 7, 42, 49, 33, 2, 34, 16, 22, 11, 46, 30, 5, 9, 43, 27, 1, 35, 15, 50, 26, 28, 25, 17, 36, 29, 18, 19, 47, 14]
];